163
640
400
32
42
32
22
1
1
640
400
1515870810
2176
4294967295
32753
17
49
81
113
145
177
209
241
273
305
337
369
401
433
465
497
529
561
593
625
657
16369
17
49
81
113
145
177
209
241
273
305
337
369
401
433
465
497
529
561
593
625
657
689
721
753
785
817
849
881
913
945
977
32753
17
49
81
113
145
177
209
241
273
305
337
369
401
433
465
497
529
561
593
625
657
689
721
753
785
817
849
881
913
945
977
1009
1041
1073
1105
1137
1169
1201
1233
1265
1297
16369
17
49
81
113
145
177
209
241
273
305
337
369
401
433
465
497
529
561
593
625
657
689
721
753
785
817
849
881
913
945
977
266848217
266848217
266848217
266848217
266848217
266848217
266848217
266848217
266848217
266848217
266848217
266848217
266848217
266848217
266848217
266848217
265390076
265390076
265390076
265390076
265390076
265390076
265390076
265390076
265390076
265390076
265390076
265390076
265390076
265390076
265390076
265390076
267208374
267208374
267208374
267208374
267208374
267208374
267208374
267208374
267208374
267208374
267208374
267208374
267208374
267208374
267208374
267208374
265930455
265930455
265930455
265930455
265930455
265930455
265930455
265930455
265930455
265930455
265930455
265930455
265930455
265930455
265930455
265930455
8144454
8144454
8144454
8144454
8144454
8144454
8144454
8144454
6735375
5457379
4310466
3212715
2180511
1164701
148901
267535800
266421718
265209342
263882290
263882290
263882290
263882290
263882290
263882290
263882290
263882290
263882290
263882290
263882290
263882290
263882290
263882290
19318643
19318643
16598783
14206614
12109367
10257892
8652188
7243103
5997869
4883717
3867878
2933970
2049222
1180869
296141
267830494
266863865
265815326
264652108
263325062
261834186
260130330
258164341
255936219
253380430
250480588
250480588
250480588
250480588
250480588
250480588
250480588
17548932
17548932
14992919
12748213
10814814
9143570
7685329
6423705
5325931
4342855
3474476
2671641
1917967
1180686
443413
268108836
267273277
266355806
265340040
264160444
262833402
261276995
259491222
257426933
255034975
252298965
249169750
249169750
249169750
249169750
249169750
249169750
18679328
15910320
13501772
11437298
9651363
8127582
6816803
5686257
4719560
3867559
3113871
2442110
1803125
1180532
557946
268338056
267633566
266847164
265946082
264913937
263717961
262309003
260687062
258770220
256558477
253986298
251020914
251020914
251020914
251020914
251020914
251020914
17024350
14419192
12158108
10241099
8602628
7209926
6030225
5030756
4178751
3441441
2802443
2228989
1688309
1180403
656121
115462
267944730
267273013
266486615
265569153
264504243
263242734
261751858
259998848
257934552
255526203
252724649
252724649
252724649
252724649
252724649
252724649
15516853
13059161
10961926
9175997
7668605
6406982
5341974
4457198
3703501
3064499
2523807
2048658
1606283
1180298
754319
295579
268223148
267649732
266961635
266158857
265208630
264061803
262701992
261080046
259163197
256902294
254264570
254264570
254264570
254264570
254264570
254264570
14173220
11862993
9896839
8241990
6849293
5685979
4735665
3949197
3293807
2736728
2277959
1884731
1524277
1180212
836153
459331
33363
267977320
267387524
266683045
265814734
264782589
263537460
262030194
260244409
258130953
255640675
255640675
255640675
255640675
255640675
255640675
12993448
10797918
8946460
7406306
6128303
5063299
4194909
3490365
2916899
2441743
2064895
1737205
1442287
1180143
901619
590332
246282
268272157
267747894
267125332
266355320
265405090
264258258
262865674
261210953
259212177
256852961
256852961
256852961
256852961
256852961
256852961
11944766
9863932
8127170
6685327
5489250
4522555
3736089
3097085
2605542
2195924
1868230
1606077
1376696
1180088
950716
721348
426448
82402
268075511
267518482
266814002
265962071
264897154
263602867
262030059
260162347
257917810
257917810
257917810
257917810
257917810
257917810
11043556
9061034
7422583
6062666
4948514
4047360
3326435
2769354
2326966
1982886
1704346
1507730
1327502
1163662
999825
819608
590243
295346
268337606
267846109
267223545
266420762
265437760
264225387
262750877
260965077
258835219
258835219
258835219
258835219
258835219
258835219
10273432
8389222
6816313
5538322
4489711
3654097
2998712
2474403
2081169
1786243
1573241
1409394
1278318
1163630
1048945
901495
721281
475534
131487
268124596
267551180
266830313
265896458
264766000
263357019
261669516
259621571
259621571
259621571
259621571
259621571
259621571
9618008
7815724
6308357
5095908
4096454
3326380
2703766
2244996
1884533
1638761
1458528
1327450
1245527
1163607
1081690
983391
835944
622963
328066
268370323
267846057
267157954
266289630
265208319
263864868
262242894
260276862
260276862
260276862
260276862
260276862
260276862
9093665
7340540
5898715
4735422
3785125
3047823
2474365
2048365
1720672
1507670
1360207
1261898
1196359
1163591
1114442
1032526
917846
737631
475500
115067
268059021
267420066
266600891
265568727
264274423
262717978
260817475
260817475
260817475
260817475
260817475
260817475
8667633
6963667
5570999
4440480
3539339
2834809
2294121
1884509
1605970
1409354
1278275
1212735
1179965
1147197
1130815
1081667
983370
835922
606556
262505
268239224
267633034
266846622
265847222
264602064
263078382
261227024
261227024
261227024
261227024
261227024
261227024
8356296
6701488
5341594
4227463
3359094
2670951
2163035
1769809
1507656
1327426
1229117
1179962
1147192
1147192
1130810
1098045
1032514
901449
688466
360796
268370280
267780471
267010439
266043802
264831408
263340488
261538275
261538275
261538275
261538275
261538275
261538275
8159652
6521233
5177728
4096370
3244389
2572634
2064721
1704265
1442114
1278269
1196346
1147191
1130806
1147190
1147192
1114426
1048894
934212
737610
426322
348
267878759
267125108
266174851
264978835
263520678
261734843
261734843
261734843
261734843
261734843
261734843
8044930
6422901
5095785
4030815
3178838
2523471
2015560
1655107
1409342
1261883
1163577
1130807
1130806
1130807
1130808
1114426
1065277
950593
753989
459083
33106
267911514
267174243
266223982
265060730
263602567
261833110
261833110
261833110
261833110
261833110
261833110
8044898
6422875
5095764
4030798
3178825
2523461
2015553
1655102
1409340
1261882
1163577
1130808
1114424
1130808
1130809
1114426
1048892
934207
737602
442693
16713
267895118
267157844
266223962
265044321
263586154
261833075
261833075
261833075
261833075
261833075
261833075
8126786
6504768
5161279
4096317
3244348
2572603
2064698
1704250
1442105
1278265
1179961
1130809
1114425
1114425
1114426
1081659
1016124
901437
688446
393535
268403009
267829571
267075909
266142023
264945994
263487820
261718351
261718351
261718351
261718351
261718351
261718351
8323362
6668581
5325096
4227371
3359022
2670896
2162994
1769780
1507637
1327415
1212728
1147193
1130809
1114426
1098042
1048890
966970
835898
622905
295224
268288311
267698486
266944820
265978163
264782128
263307566
261505323
261505323
261505323
261505323
261505323
261505323
59013454
59881863
60684733
61430255
62110237
62749255
63339117
63879821
64387753
64862911
65313487
65747675
66173664
66591456
67009243
326352
776895
1243817
1743501
2275948
2849351
3480092
4151790
4880827
5667204
6519114
7436557
8419533
9476235
10590279
11761666
13006781
59455971
60299804
61078097
61790851
62446257
63052506
63601407
64109343
64584506
65018704
65428320
65821548
66206577
66583409
66960236
244577
645968
1080122
1538847
2030335
2570970
3160752
3807874
4512336
5274138
6101472
6994340
7960932
9001251
10107103
11278491
12515413
59890287
60709543
61463260
62151437
62774073
63347554
63863686
64338853
64773056
65166293
65543141
65895408
66239477
66575349
66911216
154597
523221
916416
1334181
1801094
2300770
2857785
3472140
4143834
4881061
5683821
6560305
7510515
8534450
9623920
10795308
12032231
60308209
61111080
61840219
62495627
63093687
63634398
64117761
64560160
64953401
65313870
65649758
65969256
66272365
66567277
66870376
72798
400462
752697
1145888
1571841
2038750
2562998
3144586
3791706
4504358
5282543
6134453
7068280
8075833
9157111
10320309
11549041
60717929
61496222
62200784
62831614
63405096
63913039
64363632
64765070
65133735
65461435
65756362
66034900
66305241
66559193
66829524
67099850
285883
605350
957582
1350768
1784910
2284584
2833405
3447759
4135837
4889447
5724975
6642420
7633590
8698487
9853494
11082228
61111255
61864970
62544954
63151206
63691919
64175283
64593108
64969968
65297672
65592603
65854761
66100531
66329912
66559288
66788659
67026217
179483
457992
777456
1137876
1547443
2014350
2538597
3128377
3783689
4520917
5331871
6224742
7207722
8264429
9403054
10631790
61479995
62217324
62872729
63454404
63970538
64421133
64814380
65158471
65461597
65723760
65953149
66166151
66362763
66551179
66747782
66952573
73071
327005
613702
941355
1318156
1752297
2251970
2817176
3456106
4168761
4963333
5839822
6798230
7846747
8977183
10197729
61832341
62545091
63184110
63741206
64232763
64658780
65027449
65338770
65609128
65838521
66043334
66223566
66387411
66551251
66715086
66887109
67083704
196007
458130
761208
1105243
1514809
1989909
2530540
3144897
3832979
4611169
5471278
6421496
7453632
8575879
9788236
62160102
62856465
63470906
64003423
64470401
64871840
65215932
65502675
65748455
65953271
66125315
66272779
66412047
66543119
66682379
66829827
66993655
81382
310738
589242
908703
1293696
1744221
2260279
2858254
3529955
4283573
5127300
6061137
7085085
8199143
9403311
62455086
63135062
63733115
64249246
64699838
65076699
65396212
65658378
65871389
66051627
66199095
66330174
66436674
66543170
66657854
66772534
66911787
67083803
179721
433650
736729
1097148
1523100
2014585
2587987
3243306
3988735
4816082
5733539
6749298
7855167
9051148
62725485
63389074
63970741
64470485
64896498
65256972
65551907
65797688
65986120
66141782
66272864
66371175
66461290
66543210
66625127
66723424
66846293
66985543
65078
294433
572938
908783
1318354
1793457
2350478
2989417
3718465
4529432
5438700
6438079
7535760
8731745
62971301
63618502
64183782
64667139
65076765
65412661
65691210
65912413
66092652
66223736
66330241
66412167
66477706
66543242
66608775
66682496
66780791
66903658
67067483
171592
425523
753178
1138175
1596898
2137538
2768288
3472764
4275542
5176623
6167814
7257307
8445104
63184342
63815156
64372240
64839210
65232450
65551959
65814122
66027130
66182792
66297490
66387611
66444960
66494115
66543267
66584223
66649754
66723473
66829958
66977400
65127
302676
613950
982566
1433100
1957359
2563537
3268016
4062606
4947307
5930310
7011616
8191225
63364609
63987227
64527924
64986698
65363551
65674866
65920642
66117265
66256540
66363046
66428589
66477746
66510516
66543284
66576049
66617004
66682532
66772634
66903694
67083903
204398
491099
851526
1285679
1801750
2399739
3087839
3874241
4750753
5725569
6806879
7978301
63512102
64126525
64650834
65101414
65470071
65773191
66010773
66191009
66322092
66412212
66469562
66502334
66526912
66543295
66559677
66592441
66641586
66723497
66846367
67010194
122499
401011
745057
1171021
1678903
2268704
2948616
3718638
4595155
5561783
6634906
7806332
63626824
64233051
64757356
65191548
65552011
65846936
66076324
66248366
66371254
66453181
66502338
66526917
66535110
66543302
66551492
66576064
66617019
66690739
66797227
66952864
56980
327302
671351
1080934
1580628
2162241
2833964
3603991
4472320
5438953
6503889
7667128
63700582
64306805
64822914
65257103
65617563
65896101
66117294
66289334
66404029
66477762
66518726
66543304
66543305
66543305
66551495
66559684
66600640
66666170
66764467
66920106
16033
278166
614025
1023612
1515118
2096734
2760270
3530301
4390443
5348888
6413829
7577073
63749761
64347788
64863894
65298080
65650344
65928880
66150071
66305724
66420417
66494149
66535112
66551497
66551498
66551498
66551496
66559686
66592450
66649790
66756281
66903730
67100331
253603
589465
990864
1482373
2055801
2719341
3481184
4341331
5299781
6364727
7527976
63757980
64364195
64872105
65306287
65658548
65937081
66158269
66313921
66428612
66502342
66535112
66551497
66559689
66551496
66551495
66559686
66592451
66657984
66756285
66903736
67100340
253614
581288
990882
1474202
2047635
2719371
3473027
4333178
5291633
6356583
7519838
63741621
64339640
64855739
65289918
65642176
65920706
66141891
66305733
66420422
66494151
66535111
66551495
66559687
66559687
66559686
66567877
66608836
66666178
66772673
66920126
16060
278201
605878
1015475
1506992
2080428
2743976
3505828
4365984
5324444
6389400
7552659
63684304
64290511
64806606
65240781
65601228
65887947
66109130
66281161
66395849
66477768
66526920
66543303
66559687
66559686
66567878
66584261
66625221
66698949
66805445
66952901
57029
319173
655045
1072837
1564358
2137798
2809542
3571399
4431559
5398216
6454984
7626441
63594220
64200423
64724706
65167070
65535706
65830614
66059987
66232016
66363085
66445003
66502346
66535112
66551495
66567879
66584263
66608839
66657992
66731721
66846411
67010253
114384
392914
736982
1154777
1646301
2236129
2907878
3677930
4538095
5504757
6569722
7741184
63471370
64085761
64618233
65068785
65445610
65748708
65986270
66174681
66313941
66412241
66477775
66518733
66551499
66567883
66600651
66633420
66698958
66780881
66911956
67083992
196317
483042
835305
1261295
1769207
2359039
3038983
3809040
4685594
5652260
6725422
7896889
63315756
63946527
64487187
64945928
65330942
65642229
65896173
66092774
66248416
66363099
66436823
66494165
66543315
66576082
66617043
66674389
66748120
66846428
66985697
57063
294638
597750
958207
1392393
1908500
2514720
3202861
3981114
4865864
5840726
6913893
8093557
63127377
63766337
64323378
64790308
65191703
65519371
65789697
66002680
66174704
66297578
66395877
66469601
66526943
66584287
66641632
66715362
66805478
66920171
67075826
163578
417540
728846
1105690
1556264
2088758
2694981
3399510
4185959
5078906
6061965
7143328
8322997
62914429
63561577
64134998
64618309
65036085
65380135
65666842
65896207
66084614
66232062
66346744
66436852
66518770
66592497
66666227
66756342
66871034
67002113
65289
286483
556831
884524
1277755
1744715
2285405
2908016
3620740
4431770
5324720
6315976
7405536
8601593
62668718
63332246
63913856
64421740
64855898
65216329
65519418
65773357
65978146
66150169
66289426
66404110
66502411
66600714
66699020
66813712
66944789
67100445
188199
425779
712513
1056593
1474402
1957749
2514826
3153825
3882937
4693970
5603308
6602760
7700517
8896578
62390245
63070155
63676338
64200602
64651141
65036146
65363809
65642322
65871686
66060092
66223924
66363183
66486060
66608939
66731821
66871089
67026744
98113
311116
573274
884586
1253244
1687440
2187174
2768830
3424216
4169715
4988944
5914671
6930511
8036463
9240721
62079012
62783495
63414251
63954897
64430009
64839588
65191825
65486720
65740658
65961831
66150238
66314072
66469717
66617172
66772822
66928475
67108707
212845
458618
737161
1073051
1466287
1925062
2449375
3047418
3710999
4472886
5316694
6258808
7282844
8405185
9617639
61751404
62472267
63111212
63684623
64192501
64626654
65003465
65322935
65609639
65855387
66068369
66264971
66453383
66625414
66805641
67002254
98199
335778
606128
917441
1286101
1695723
2170884
2719776
3334206
4030558
4808832
5677220
6627529
7667953
8806681
10027331
61399228
62144664
62808182
63397975
63922235
64380961
64790539
65150967
65462246
65740761
65986510
66215879
66428867
66633666
66846661
67067851
204756
466913
770032
1105923
1490968
1941553
2441292
3014762
3653771
4374701
5177554
6054138
7029027
8085837
9232761
10461607
61030677
61792494
62480586
63094953
63643786
64135279
64569430
64954433
65298479
65609761
65888277
66150414
66396170
66641929
66887692
32786
303132
606250
933946
1310798
1728614
2203776
2736285
3334334
3997921
4743430
5562670
6463832
7446916
8520114
9683426
10928658
60629368
61415759
62136616
62775557
63357156
63873223
64340141
64757910
65134723
65478772
65798248
66093151
66371675
66650202
66928734
114788
417903
753789
1122447
1523877
1974461
2482394
3039481
3670299
4358465
5128553
5972371
6889920
7897583
8987168
10158675
11420294
60219876
61030841
61768081
62447979
63054153
63602986
64102670
64553206
64962786
65339602
65691845
66027709
66347192
66658487
66977979
196802
540877
909532
1310959
1753350
2236704
2769214
3359071
4014468
4735403
5530069
6398466
7340594
8364643
9470615
10658508
11928323
59785819
60621358
61391364
62095836
62734776
63316376
63848827
64340322
64790861
65200444
65593646
65962277
66314529
66674976
67027235
287019
663863
1073479
1507675
1982835
2507150
3072430
3695056
4383223
5128736
5947980
6840956
7807661
8848097
9978647
11174735
12460936
59343581
60203694
61006466
61735513
62407219
63021585
63594995
64119257
64602563
65053105
65479076
65888666
66290069
66683285
67076504
377248
795053
1245629
1720786
2228715
2785800
3383848
4047437
4760181
5538464
6382286
7299839
8291123
9356137
10494881
11715547
13009942
58884969
59777848
60597003
61367008
62071482
62718615
63324792
63890013
64414278
64905779
65372709
65823259
66257430
66691605
25113
467490
934447
1417792
1933909
2482799
3072653
3711663
4399828
5145342
5956394
6832986
7775117
8782786
9872378
11027508
12264560
13567149
58409984
59335630
60187551
60982131
61719372
62407464
63054600
63652588
64217812
64750273
65258163
65749673
66232995
66708131
74407
565935
1065661
1598158
2147045
2736895
3367710
4039489
4768615
5546898
6382528
7291889
8258597
9290844
10396821
11576529
12829966
14140748
57935009
58885230
59769918
60597266
61367273
62096324
62776227
63406983
64013167
64586587
65143628
65676098
66200381
66716476
131904
664393
1213271
1778537
2376576
2999195
3670971
4375518
5137414
5956657
6825056
7750803
8750280
9807104
10937658
12133751
13395381
14730741
57451852
58426649
59344104
60204219
61006994
61768812
62489675
63169582
63808533
64431106
65020914
65602536
66167778
66733026
189414
762863
1352701
1958928
2597927
3269699
3974243
4719751
5514415
6366428
7267595
8226111
9250165
10331566
11478505
12690982
13968997
15312549
56960514
57968078
58910109
59802991
60646725
61449503
62203134
62915808
63603912
64267444
64898212
65520794
66135188
66741396
246936
861345
1500335
2147522
2827482
3540214
4285718
5072187
5899620
6784401
7710145
8701429
9750060
10856037
12027553
13256414
14550814
15902558
56477377
57501325
58484316
59409966
60286468
61122014
61916604
62670238
63399301
64103793
64783714
65447255
66102609
66757969
304469
968031
1639789
2336128
3057048
3810740
4589013
5416442
6284835
7194192
8160897
9184949
10258156
11388709
12576609
13821855
15132638
16492575
