163
640
400
32
42
32
22
1
1
640
400
1515870810
2176
4294967295
32753
17
49
81
113
145
177
209
241
273
305
337
369
401
433
465
497
529
561
593
625
657
16369
17
49
81
113
145
177
209
241
273
305
337
369
401
433
465
497
529
561
593
625
657
689
721
753
785
817
849
881
913
945
977
32753
17
49
81
113
145
177
209
241
273
305
337
369
401
433
465
497
529
561
593
625
657
689
721
753
785
817
849
881
913
945
977
1009
1041
1073
1105
1137
1169
1201
1233
1265
1297
16369
17
49
81
113
145
177
209
241
273
305
337
369
401
433
465
497
529
561
593
625
657
689
721
753
785
817
849
881
913
945
977
266093980
266093980
266093980
266093980
266093980
266093980
266093980
266093980
266093980
266093980
266093980
266093980
266093980
266093980
266093980
266093980
264324552
264324552
264324552
264324552
264324552
264324552
264324552
264324552
264324552
264324552
264324552
264324552
264324552
264324552
264324552
264324552
10683663
10683663
10683663
10683663
10683663
10683663
10683663
10683663
8602794
6767702
5145620
3654629
2278344
951229
268059589
266683359
265225228
263619659
261817500
259785982
257475951
257475951
257475951
257475951
257475951
257475951
257475951
257475951
257475951
257475951
257475951
257475951
26543815
26543815
22873651
19400087
16237821
13436012
10994665
8913782
7111445
5571270
4244104
3048029
1966658
918072
268321343
267240024
266076801
264766140
263258888
261505895
259458006
257082455
254346469
251266429
247858711
244237995
244237995
244237995
244237995
244237995
244237995
244237995
23987570
23987570
20186313
16761890
13763461
11191032
9044604
7242258
5734842
4489586
3424572
2507029
1687805
901365
131323
267747600
266846517
265814378
264585647
263127556
261374572
259277541
256770927
253854728
250512557
246777173
246777173
246777173
246777173
246777173
246777173
246777173
21136415
21136415
17384304
14140109
11387449
9109944
7258440
5734633
4505755
3522653
2703405
2031627
1458166
901103
360437
268206087
267534375
266747989
265781394
264585438
263110970
261308839
259097125
256426678
253264726
249611266
245531827
245531827
245531827
245531827
245531827
245531827
22332313
18219749
14664254
11682215
9240865
7258286
5668940
4423673
3456949
2686847
2096981
1621816
1244966
900896
540453
163637
268140369
267566969
266829741
265895919
264667200
263127200
261210384
258834835
255935015
252478155
248464252
248464252
248464252
248464252
248464252
248464252
19382908
15466963
12173626
9486514
7323709
5636056
4308866
3276603
2522880
1965777
1556141
1277587
1064580
884350
704131
507537
229033
268271307
267730681
267009842
266026872
264732620
263077934
260980897
258375973
255181243
251380321
251380321
251380321
251380321
251380321
251380321
16597381
12943595
9945187
7569389
5668742
4210479
3096292
2293414
1719923
1326667
1097260
966166
900617
867844
851463
785940
671273
441926
81518
267976351
267189980
266125092
264716154
262881246
260554834
257654999
254099821
254099821
254099821
254099821
254099821
254099821
14090422
10715182
8028087
5881680
4226807
2981547
2063979
1424950
1015306
785895
687564
687545
753069
867753
966060
1047991
1064393
982499
753157
376368
268205668
267337378
266125036
264535875
262471592
259833884
256573601
256573601
256573601
256573601
256573601
256573601
11862028
8781717
6324014
4423381
2981513
1916488
1179153
687587
425405
310686
343431
458103
638317
851305
1080684
1260917
1392005
1424795
1342904
1097181
638474
268369472
267353728
265961163
264126242
261750663
258752507
258752507
258752507
258752507
258752507
258752507
9944964
7094045
4882117
3178104
1916471
1015295
409040
48552
268336519
268352877
32090
261451
539971
851264
1162562
1441098
1670488
1817963
1850756
1719716
1392074
818681
268402223
267189871
265551546
263405329
260652917
257196008
257196008
257196008
257196008
257196008
8273688
5652160
3620469
2096692
998908
228812
268189092
267943298
267894118
267992400
268221759
81203
458028
851241
1244459
1604914
1932605
2161998
2276707
2243966
2031007
1588679
867830
268238380
266763884
264814262
262274828
259063662
259063662
259063662
259063662
259063662
6864580
4423290
2571835
1195524
212436
267992492
267632010
267484525
267517270
267697475
267992372
268385578
376100
834850
1309987
1752361
2129203
2440513
2637139
2702698
2571654
2244008
1621455
687613
267812403
266010226
263667386
260652814
260652814
260652814
260652814
260652814
5668485
3407431
1687058
425444
267992509
267435419
267156862
267091302
267205971
267451715
267812151
268254510
310569
834855
1359145
1867053
2309429
2686273
2948433
3079524
3046779
2784663
2260408
1441247
245260
267025984
264830588
261996226
261996226
261996226
261996226
261996226
4685397
2555427
949752
268238290
267451826
266976662
266763647
266763627
266927451
267238734
267664708
268156221
261433
834871
1408312
1965372
2456899
2882893
3210585
3407209
3423612
3243411
2801070
2063822
966131
267861533
265797199
263110280
263110280
263110280
263110280
263110280
3898931
1867275
359913
267713995
267009457
266599835
266452361
266501497
266714476
267074914
267533658
268074324
228689
834896
1441105
2030932
2587993
3046753
3423595
3652983
3734919
3603865
3227054
2555336
1539557
97799
266583598
264011355
264011355
264011355
264011355
264011355
3276315
1326589
268336611
267320780
266665401
266321320
266206618
266288526
266550660
266943869
267435383
268008818
195952
834927
1473904
2096498
2669942
3177852
3587459
3849613
3964313
3882406
3571127
2948554
1998304
622074
267173399
264715834
264715834
264715834
264715834
264715834
2817547
933366
267992548
267025876
266419655
266108347
266026417
266141097
266436002
266845597
267369880
267959701
163220
834963
1490323
2145685
2735512
3276188
3702177
3997096
4144560
4095418
3816901
3243474
2325986
998900
267615752
265223712
265223712
265223712
265223712
265223712
2522624
687604
267779561
266845664
266255832
265960914
265911756
266042823
266354115
266780096
267320766
267926972
146875
835003
1506747
2178492
2784702
3325376
3784131
4095431
4259275
4226513
3964376
3423711
2538984
1244658
267910654
265551372
265551372
265551372
265551372
265551372
2391544
572917
267664882
266747375
266190317
265895403
265846249
266010088
266321383
266763750
267304421
267910629
146916
835044
1523172
2178533
2801125
3358182
3816935
4144616
4308457
4292075
4046317
3505647
2637297
1359348
268041720
265698811
265698811
265698811
265698811
265698811
2407921
572918
267681275
266763774
266190338
265911813
265862663
266010121
266321419
266763788
267304461
267910670
146958
835087
1523214
2178574
2801165
3358220
3816971
4144649
4308487
4292101
4029954
3505663
2620923
1359351
268025330
265682412
265682412
265682412
265682412
265682412
2162231
2162231
2162231
2162231
2162231
2162231
2162231
2162231
2162231
2162231
2162231
2162231
2162231
2162231
2162231
2162231
2784821
2784821
2784821
2784821
2784821
2784821
2784821
2784821
2784821
2784821
2784821
2784821
2784821
2784821
2784821
2784821
57113308
58194722
59202406
60144551
61029349
61840415
62594131
63298689
63945898
64552139
65125606
65666297
66190596
66706696
113924
638200
1187044
1760458
2366632
3013759
3718224
4480028
5290979
6175653
7117667
8133407
9206490
10345108
11532878
12761610
14031305
15317388
57711522
58768363
59759666
60677238
61521078
62299377
63003942
63659350
64249215
64798113
65306044
65789391
66256347
66706911
48603
515535
990651
1506719
2055549
2653523
3308835
4021486
4799666
5643379
6560815
7551976
8616863
9747285
10943243
12196546
13490812
14809657
58326113
59374764
60341493
61226298
62037371
62766519
63430126
64019998
64560712
65052266
65502853
65920665
66313893
66707112
67092132
376472
802436
1252968
1744453
2285083
2883051
3546548
4283768
5094711
5987570
6954153
8002654
9133073
10329028
11590519
12901165
14260965
58957079
59989348
60923309
61775347
62545461
63233649
63848104
64397016
64872194
65306404
65691455
66043731
66379615
66699106
67026782
245586
606014
991010
1425151
1916629
2457252
3079790
3767857
4546031
5397929
6348128
7372051
8486085
9682038
10951719
12286937
13671310
59596227
60603920
61513305
62332575
63061728
63708956
64274259
64757635
65183660
65560526
65880041
66174973
66437128
66691084
66945032
114683
409576
737228
1114025
1539968
2039631
2604825
3251932
3989147
4808277
5725707
6741438
7839088
9026847
10304719
11648127
13057074
60235362
61218478
62103287
62889789
63577981
64176056
64684014
65118237
65486918
65798247
66060418
66289813
66494624
66691236
66879647
67084436
213120
475237
794691
1163290
1613802
2138036
2735993
3432248
4226803
5111466
6102622
7183887
8371647
9641326
10992926
12426447
60866293
61824832
62676871
63430603
64069642
64626756
65085560
65470630
65790158
66044143
66248968
66412827
66560294
66683177
66814245
66961690
24839
229612
491723
802979
1196149
1671232
2228230
2891718
3645315
4505403
5471984
6536866
7708243
8986115
10345907
11787620
61489017
62422978
63234056
63946826
64561287
65069247
65487089
65823006
66076996
66281828
66421117
66535822
66617753
66683292
66757016
66838925
66945403
67101026
188737
459035
794862
1220795
1736835
2351173
3072003
3907518
4849525
5906217
7061212
8330893
9690687
11148785
62087153
62988343
63783034
64463033
65028339
65495337
65864025
66150788
66363817
66503111
66593247
66650608
66667002
66683389
66691577
66716142
66773469
66871749
67019174
123265
409942
786725
1261807
1843380
2523253
3326002
4251628
5283747
6438744
7692044
9060031
10518131
62652506
63537309
64299228
64946456
65478992
65905027
66232753
66470361
66626044
66716184
66757167
66757183
66724424
66683467
66634312
66609726
66609709
66650646
66748921
66912726
49581
377215
811340
1351956
2007256
2777240
3670101
4685839
5832648
7085951
8445750
9912044
63193269
64061684
64790832
65405288
65905052
66290124
66576887
66765341
66880061
66921048
66912877
66855548
66773637
66675336
66585221
66503291
66454124
66445910
66495035
66609690
66806260
67101129
385432
893284
1507627
2253039
3121328
4120687
5242923
6496230
7864225
9330523
63709443
64545085
65249653
65839529
66298330
66650630
66896430
67043921
623
648
67052187
66953897
66822833
66675380
66527921
66405032
66306714
66249350
66257517
66331214
66486827
66740739
67092950
459173
1048945
1769785
2613503
3596481
4702339
5939266
7299073
8781760
64176452
64995706
65675693
66232796
66658825
66978353
74325
189045
221841
172711
74425
67035846
66863821
66675408
66486989
66314949
66167480
66069158
66036367
66069107
66191955
66404910
66732549
57817
623017
1319286
2146624
3105032
4202702
5431443
6791256
8265756
64602490
65397162
66060760
66593282
66994730
164431
344687
418444
418468
336569
197321
8916
66904795
66675421
66446042
66233043
66044615
65913527
65839779
65839754
65921645
66101836
66396711
66814463
238036
909734
1720694
2662723
3744015
4964570
6316196
7798894
64987556
65765839
66404855
66912797
180800
434784
582268
631445
590507
475837
295627
74453
66937563
66667229
66405082
66159316
65938122
65774268
65659561
65626772
65684090
65839709
66101821
66486810
67002868
549323
1335713
2269556
3342663
4555032
5898472
7381176
65315269
66077161
66699788
74284
434762
664166
787070
803476
737958
590517
385729
139978
66970319
66667217
66372303
66093769
65848000
65643188
65512101
65446546
65479292
65602147
65847880
66208298
66707977
229863
1008066
1925532
2982261
4194636
5538083
7012602
65593822
66347516
66953752
311859
647755
860770
959094
959112
860823
696996
467630
189109
66994873
66667194
66347705
66044596
65766061
65544867
65381014
65299079
65299061
65405536
65634889
65978929
66454038
67076601
721371
1630652
2687387
3883386
5226840
6701366
65815023
66560518
41501
500274
819781
1016406
1098342
1073780
967296
778890
524945
230039
67011226
66667163
66323098
65995415
65708689
65462921
65274495
65176179
65159781
65249877
65454659
65790512
66257435
66855429
500205
1401301
2449851
3637665
4981126
6455660
65987067
66716172
197148
639530
950840
1131077
1204816
1163866
1040994
836201
574063
262771
67027573
66667126
66306677
65962610
65659502
65397353
65200738
65086041
65053263
65135172
65323575
65643049
66101786
66699786
328186
1221096
2261462
3457475
4792752
6267293
66101763
66822669
295446
729631
1032743
1212974
1270325
1229371
1090112
877124
606791
279114
67035723
66667083
66298443
65946185
65626695
65356356
65151552
65020474
64987701
65053230
65241638
65552926
66003477
66593292
221698
1106424
2146797
3334626
4669911
6144460
66150921
66880012
344590
778769
1073683
1245718
1303064
1253913
1114651
901660
623133
295454
67043870
66667038
66290206
65937950
65610269
65331740
65126939
64995865
64954903
65020437
65200659
65511953
65954318
66535947
164360
1049093
2089474
3277311
4604412
6078968
66150926
66871818
336390
770562
1073663
1245692
1303033
1253879
1114613
893427
614898
287217
67043824
66666992
66290160
65937905
65610226
65339891
65126901
64995831
64954873
65020412
65200639
65511939
65954310
66544138
172558
1057298
2089495
3277339
4612640
6087205
66085396
66814473
279038
721397
1024492
1204707
1262044
1221078
1081808
877003
598472
278981
67035588
66666947
66298308
65946053
65626568
65364428
65151440
65028566
64995805
65061348
65249772
65561077
66011647
66601482
229909
1122848
2163244
3351096
4686405
6160977
65962524
66699786
172538
623082
934363
1114574
1188290
1155511
1032622
827815
565665
254365
67027354
66666906
66306458
65970589
65667489
65405351
65208751
65094072
65069507
65151439
65348060
65667563
66126331
66716172
352798
1245744
2294340
3482200
4817516
6292096
65782313
66527760
16889
467427
795087
991677
1073580
1057182
950673
762247
516479
221561
67010934
66666869
66330998
66003322
65716608
65470856
65290642
65192351
65184174
65274302
65479121
65815013
66281979
66888210
533035
1434181
2482783
3678843
5014167
6488755
65552956
66306588
66912767
279011
614858
827826
934302
934283
844155
680302
450916
180573
66986329
66666839
66347353
66052445
65782117
65560943
65397117
65315213
65323423
65438132
65659340
66011621
66494977
543
770622
1679967
2736768
3932835
5276358
6750954
65266261
66028080
66658828
33259
393676
631216
754071
778625
713070
573790
377170
131401
66961732
66666818
66380100
66101578
65864019
65667423
65528175
65470851
65503641
65642930
65888719
66257390
66748943
279091
1057368
1974911
3039912
4252370
5595900
7070502
64922232
65708620
66347555
66863612
131545
393656
541083
598401
557419
450904
278858
65856
66928954
66675000
66412858
66167105
65954123
65790298
65683820
65659267
65716637
65880506
66150875
66535935
67060262
606800
1393275
2327209
3408600
4621064
5972793
7447402
64537252
65340019
66003524
66535960
66945520
123339
303530
385420
385395
311647
172366
67100995
66896188
66675002
66445628
66240836
66068816
65937760
65864053
65872271
65962412
66150862
66454003
66863644
303688
975479
1786536
2736859
3818256
5047111
6398846
7873461
64103131
64922277
65610353
66167361
66609684
66929131
33222
147877
188809
147826
57696
67027283
66855244
66675017
66494796
66322772
66191714
66101620
66068875
66109864
66232776
66462190
66789911
123460
696949
1393321
2220768
3187480
4285267
5514127
6874060
8348681
63619871
64463587
65176235
65766006
66232901
66593304
66847216
67002828
67076526
67084692
67027329
66937203
66814314
66675048
66535787
66421108
66322818
66281878
66290096
66372047
66535923
66798107
49737
524922
1122991
1843944
2695971
3679073
4793249
6038498
7398436
8873062
63103855
63972143
64717555
65331898
65831557
66224724
66519593
66716163
66839010
66888135
66888113
66838946
66765209
66675094
66593178
66519459
66478515
66478537
66527716
66658821
66863660
49752
451209
967358
1590007
2343732
3212148
4219830
5342202
6587456
7955591
9430221
62555085
63447945
64217929
64865036
65405652
65839777
66175602
66421321
66585126
66683401
66732531
66740707
66716121
66683350
66642393
66626020
66634228
66683403
66789929
66961996
107126
443044
885464
1434385
2089805
2868110
3769298
4785176
5923936
7185578
8545524
10020158
61973560
62890993
63693742
64373614
64955187
65430269
65807052
66101921
66314876
66470494
66568774
66626101
66658858
66683431
66699819
66740790
66798151
66904672
67060351
172708
475856
860929
1344311
1926003
2622387
3425270
4342845
5383303
6538450
7800095
9168236
10634681
61375666
62309480
63144994
63865824
64480163
64996202
65422135
65766154
66036452
66241220
66396843
66511513
66609806
66683531
66765455
66855578
66978477
33478
238310
516877
860987
1295214
1819559
2442213
3171367
4007021
4949175
6006019
7177553
8439200
9807343
11265598
60753209
61711598
62571686
63333474
63988770
64545768
65020851
65414021
65741661
66003772
66216738
66396944
66544389
66683649
66831109
66978577
49956
271166
541536
869256
1270711
1745900
2311207
2974822
3736747
4605171
5571902
6645132
7824860
9094700
10462845
11904716
60114383
61105538
61990200
62784755
63481010
64087159
64611393
65053713
65438696
65758151
66036652
66274201
66487182
66691978
66896782
922
246702
517065
844779
1229844
1680452
2212987
2819254
3523831
4318525
5211526
6211027
7300642
8488563
9758404
11118356
12543844
59475569
60483107
61400537
62227859
62965074
63620373
64193759
64693423
65127557
65504355
65840200
66143284
66421801
66692133
66962473
132150
435273
771173
1156232
1598642
2106594
2680089
3335510
4081048
4908510
5834280
6850165
7956164
9152276
10422117
11773877
13182979
58836766
59868882
60810888
61670978
62449152
63145412
63767949
64324956
64816435
65258768
65651957
66020577
66364630
66692306
67028182
263394
632054
1033490
1475893
1975647
2532752
3155399
3859972
4638278
5498508
6448854
7489314
8611697
9807808
11077647
12413021
13797544
58197975
59254668
60229443
61122301
61933244
62678656
63342154
63948314
64505328
65005005
65463730
65889694
66299283
66700687
67093907
394655
828852
1287631
1795570
2344476
2958925
3630724
4376256
5195521
6088518
7063439
8120282
9250855
10446964
11708609
13027595
14387539
57583768
58656847
59648008
60573637
61425541
62211914
62924564
63588068
64186043
64751257
65267326
65758827
66233951
66700892
50784
525932
1025664
1549979
2107070
2713319
3376919
4097869
4884360
5736392
6662155
7661650
8734875
9865445
11061551
12314999
13609406
14936576
56994145
58075419
59091159
60041365
60926040
61753374
62515178
63227836
63883155
64497522
65079128
65636165
66176825
66701110
124730
657221
1214297
1795956
2418581
3082174
3786733
4556833
5384282
6269080
7227609
8243485
9324898
10455464
11651566
12880434
14150258
15436462
