163
1600
800
36
46
36
24
1
1
1600
800
1515870810
2662
4294967295
32721
17
81
145
209
273
337
401
465
529
593
657
721
785
849
913
977
1073
1169
1265
1361
1457
1553
1649
16353
1
33
65
97
129
161
193
225
257
321
385
449
513
577
641
705
769
833
897
961
1025
1089
1153
1217
1281
1345
1377
1409
1441
1473
1505
1537
1569
1601
1633
32721
17
81
145
209
273
337
401
465
529
593
657
721
785
849
913
977
1073
1169
1265
1361
1457
1553
1649
1745
1841
1937
2033
2129
2225
2289
2353
2417
2481
2545
2609
2673
2737
2801
2865
2929
2993
3057
3121
3185
3249
16353
1
33
65
97
129
161
193
225
257
321
385
449
513
577
641
705
769
833
897
961
1025
1089
1153
1217
1281
1345
1377
1409
1441
1473
1505
1537
1569
1601
1633
43698112
43698112
43698112
43698112
43698112
43698112
43698112
43698112
43698112
43698112
43698112
43698112
43698112
34735792
26412513
18580811
11076841
3753147
264914111
257574134
250021217
242107906
233686750
233686750
233686750
233686750
233686750
233686750
233686750
233686750
233686750
233686750
233686750
233686750
233686750
233686750
77580394
77580394
77580394
77580394
77580394
77580394
77580394
77580394
71419753
65717890
55330038
46056364
37651099
29950396
22774029
16040075
9584694
3293196
265502734
259211324
252723351
245940511
238698966
230900414
222348251
212878645
202229462
196331465
189958363
189958363
189958363
189958363
189958363
189958363
189958363
189958363
72664139
72664139
72664139
72664139
72664139
72664139
72664139
67093360
61866662
56951273
47906968
39812983
32456323
25755066
19561755
13761700
8240214
2882607
266009648
260652120
255114409
249298211
243072454
236306069
228884368
220627132
211403290
206373599
201016242
195282072
195282072
195282072
195282072
195282072
195282072
195282072
68501793
68501793
68501793
68501793
68501793
68501793
63242324
58326931
53673695
49298997
41286916
34143229
27736862
21920359
16611798
11663722
6994211
2472191
266434815
261912866
257243498
252295639
246970985
241154851
234699782
227491091
219364942
214925052
210190264
205111424
199737685
199737685
199737685
199737685
199737685
199737685
59555277
59555277
59555277
59555277
59555277
59555277
54820115
50396260
46234559
42335013
35256847
28997921
23443544
18462644
13940530
9778898
5863058
2078321
266794609
263042703
259126990
254965550
250460080
245495893
239925535
233650705
226507563
222575561
218365042
213876006
209059302
209059302
209059302
209059302
209059302
209059302
55950275
55950275
55950275
55950275
55950275
51395343
47151718
43186631
39483699
36042920
29816751
24377050
19609128
15381910
11564324
8090830
4846742
1733753
267105400
264008851
260781257
257307933
253539726
249329183
244578001
239155111
232929442
229456175
225737158
221739624
217447189
212827085
212827085
212827085
212827085
212827085
48118139
48118139
48118139
48118139
48118139
44021978
40220738
36698036
33437488
30406324
24983000
20296988
16233599
12661759
9483163
6615888
3961630
1422085
267367172
264844059
262206282
259355539
256209910
252687476
248640783
244004299
238597799
235583268
232306601
228784185
224966867
220854647
220854647
220854647
220854647
220854647
45054028
45054028
45054028
45054028
41088947
37435171
34059932
30946847
28079530
25425213
20722811
16708567
13267790
10285790
7664262
5321284
3174937
1143299
267596289
265581077
263451198
261141117
258552531
255603521
252212168
248231019
243578156
240956825
238106126
234993292
231634708
227981221
224016448
224016448
224016448
224016448
38401765
38401765
38401765
38401765
34862685
31618526
28620136
25883897
23360659
21066803
17003402
13562618
10678914
8204832
6058451
4190618
2486643
897376
267792735
266203504
264532371
262681034
260583957
258159221
255308523
251933561
247936033
245658752
243168486
240448852
237483467
234255946
230733522
230733522
230733522
230733522
35976804
35976804
35976804
32536036
29373805
26490109
23852181
21443637
19248091
17232775
13726451
10826357
8401420
6386102
4665715
3191104
1880351
684302
267956493
266760475
265466171
264024426
262353324
260370943
257995366
255161058
251720564
249754567
247591968
245216384
242611432
239744343
236631502
233207374
233207374
233207374
30471597
30471597
30471597
27374909
24556756
22000754
19674135
17544131
15627124
13890347
10875561
8417850
6418910
4780435
3436888
2322732
1356046
487679
268087550
267235595
266285350
265204048
263893385
262304210
260354604
257962648
255030040
253326177
251442094
249361410
247067741
244544702
241775910
238728598
238728598
238728598
25621828
25621828
25621828
22852834
20345990
18068529
16004065
14136215
12464978
10941201
8368799
6304318
4665838
3387820
2371959
1552721
897335
323881
268218664
267645236
267006284
266219888
265253282
264008162
262418993
260420240
257929984
256455487
254817155
252998605
250983451
248738928
246281419
243545389
243545389
243545389
24147322
24147322
21394718
18904264
16643192
14611501
12792807
11154342
9679721
8368945
6173389
4452984
3142193
2142710
1421769
881062
487824
176516
268317059
268022157
267645346
267137474
266433006
265499174
264237675
262582974
260453153
259191640
257766291
256160724
254391321
252408931
250197170
247756040
245052771
245052771
20166017
20166017
17675569
15430885
13415583
11596893
9974816
8532967
7254962
6108032
4240168
2831070
1798815
1061484
586308
291366
127505
29191
268415494
268333583
268202529
267924030
267481700
266793622
265810642
264467227
262681457
261583778
260338646
258946062
257373258
255603851
253637841
251442459
249001323
249001323
16692666
16692666
14431603
12399921
10564852
8942778
7500932
6239314
5108772
4125689
2552747
1389418
602931
111366
268284642
268202696
268235446
268350125
62124
193204
242372
193245
268399359
267940650
267203423
266122143
264614891
263681045
262599747
261370996
259978409
258405602
256636190
254653791
252442021
252442021
13661724
13661724
11580894
9745829
8090991
6632765
5354766
4224226
3241145
2389139
1061968
144406
268006374
267711423
267629471
267727752
267957112
268252016
127856
439158
668549
799642
766904
521182
268432397
267580485
266318983
265516204
264582356
263501055
262255917
260846942
259257747
257471948
255456777
253195850
13137626
11007649
9107052
7419450
5928459
4617695
3454390
2454928
1602924
865611
268186896
267482334
267089076
266974354
267072630
267334754
267711572
268153933
193613
652370
1045599
1340530
1471628
1389741
1062102
406791
267810112
267122017
266302851
265352617
264238545
262977020
261535274
259896923
258061968
255997640
9598925
7698336
6010741
4519757
3208999
2078468
1095395
243396
267974312
267400845
266548830
266090037
265942547
266040823
266352097
266827217
267400646
268039616
275903
931268
1521102
2012637
2356722
2504205
2405934
2012757
1242756
702110
30394
267679448
266745592
265647899
264402751
262960999
261339025
259487678
6797558
5060818
3537073
2209937
1046644
47192
267630654
266926118
266336272
265861115
265238485
264976309
265009050
265303940
265779059
266401638
267138909
267941721
341848
1144668
1898340
2553712
3078017
3389334
3487664
3291087
2734067
2308104
1751069
1095733
292942
267778153
266664070
265386149
263928007
262256874
4618823
3029548
1636883
424443
267811301
266926544
266172861
265566634
265058713
264681865
264223085
264124757
264304961
264730928
265337123
266090777
266959122
267876623
391438
1325329
2193687
2980128
3619117
4077885
4323665
4274536
3881348
3537299
3094948
2521526
1817033
981469
268417523
267270666
265927203
264403518
3046327
1538980
244626
267549569
266582898
265780067
265108309
264551240
264141628
263813937
263486237
263486220
263781118
264305394
265009897
265861858
266812125
267827931
424666
1440476
2407137
3291879
4029168
4586235
4930313
4995866
4733741
4455224
4062020
3570512
2947934
2177900
1276795
195468
267385757
265960368
1998139
556335
267746596
266681626
265780497
265010440
264387840
263896312
263519473
263240938
262995166
263077076
263421131
264010948
264797374
265698490
266714295
267795638
441526
1522871
2555065
3488957
4291779
4930761
5340370
5471452
5291240
5061870
4717813
4259069
3685637
2981134
2129175
1113377
268369195
266992951
1457867
48839
267271875
266239679
265354939
264617656
264027829
263552690
263192240
262946477
262733481
262848165
263257762
263880351
264683165
265617051
266665626
267763354
458394
1572506
2637467
3604125
4439711
5095073
5553828
5717672
5586604
5373615
5045937
4619956
4079287
3391162
2555582
1572545
425669
267517641
1392735
98
267223141
266190952
265306218
264568940
263979118
263503984
263159922
262914164
262701175
262815866
263225468
263848062
264650879
265601152
266649729
267747457
442497
1556609
2621568
3588223
4440190
5095548
5554298
5734520
5587061
5374067
5062769
4636783
4096109
3407979
2588777
1605734
442467
267550817
33823369
34863815
36322051
37755709
39172981
40565675
41950175
43310096
44661823
45988972
48610494
51182855
53706053
56188282
58637732
61062595
63471064
65863138
1146337
3546581
5955006
8387996
10845552
13335865
15867127
18447532
21077079
22420521
23772153
25148358
26540945
27941721
29375264
30816996
32283302
33299047
34806923
36240586
37649672
39034179
40402300
41754035
43089383
44400154
45694538
46972536
49487565
51945240
54353753
56721295
59056059
61358043
63643633
65912827
1073146
3350510
5636055
7946164
10280838
12656462
15073035
17538750
20069991
21356087
22658566
23977426
25320860
26680676
28056873
29457644
30874798
32316525
36257392
37641905
39001840
40345388
41672551
42975136
44253142
45506570
46751804
47980651
50389187
52732177
55026004
57270668
59482554
61661660
63816179
65962494
991741
3146225
5300696
7487925
9699718
11952460
14246150
16605367
19021917
20250668
21512185
22781892
24076173
25386835
26713879
28065497
29441689
30834262
37732410
39075965
40394941
41689340
42967352
44220787
45449643
46662113
47858196
49029701
51323552
53560049
55730999
57852786
59933601
61981637
64013276
66020328
926696
2933723
4965314
7013277
9102189
11232049
13411049
15647383
17949242
19128840
20324820
21545373
22782308
24043816
25329898
26632363
27959401
29319205
39248361
40550958
41828976
43082417
44311279
45515563
46695269
47858589
48997330
50119685
52298852
54412471
56460544
58459453
60409198
62326163
64210348
66086328
853432
2729387
4613522
6530412
8488250
10487036
12534962
14656605
16843774
17966026
19112852
20276059
21463840
22676195
23913124
25166434
26452510
27763161
40821628
42075075
43312135
44516426
45696138
46851272
47990020
49095997
50177396
51242409
53306890
55297633
57222828
59082475
60901150
62678853
64423774
66160491
780139
2508638
4261700
6039325
7857898
9717418
11642462
13633031
15705509
16770416
17859896
18973950
20104385
21267586
22455361
23667710
24904632
26174321
42427634
43648314
44836224
45991364
47130118
48236102
49309315
50366142
51398391
52406061
54347665
56215530
58001463
59730040
61409453
63039701
64645360
66234621
706813
2287856
3893462
5531822
7202937
8931384
10725354
12584849
14534444
15542006
16574140
17630849
18712131
19826178
20956608
22119803
23315763
24536298
44074566
45246096
46393047
47507229
48588640
49645473
50669536
51669021
52643927
53594254
55412980
57149775
58804638
60393953
61934103
63416896
64875099
66308713
633450
2067036
3525185
5007897
6539747
8128929
9783634
11520247
13338768
14288984
15263774
16263137
17287074
18343776
19433244
20547286
21694094
22873667
45754231
46884801
47982602
49047633
50079893
51079383
52054295
52996437
53913999
54806984
56502832
58108556
59632349
61074209
62466903
63802241
65112989
66390956
560044
1846175
3148675
4483931
5868324
7310049
8825489
10431029
12126668
13011348
13928793
14870812
15845595
16844953
17877076
18950157
20047811
21178232
47450240
48531660
49588501
50604380
51587490
52537828
53455397
54348387
55200414
56027863
57600832
59075485
60460014
61762611
63007850
64195732
65350833
66473152
486592
1617075
2763928
3951727
5188664
6482932
7867300
9333575
10898142
11725477
12577386
13462060
14379499
15329704
16312675
17328411
18376913
19466373
49154400
50194860
51202549
52169277
53103234
54004421
54864645
55700291
56494975
57265079
58715169
60050558
61295824
62459156
63548748
64589174
65588627
66563489
421282
1387925
2387322
3419473
4508954
5663959
6892678
8227882
9669569
10431368
11225933
12053263
12913358
13806219
14740038
15706622
16705972
17754472
50850323
51849822
52816551
53734126
54618931
55462774
56273846
57043955
57789486
58494055
59821263
61025580
62131581
63147457
64097785
64982563
65826367
66645582
347727
1166914
2010663
2887166
3829193
4836742
5934390
7130330
8440946
9145402
9882623
10644418
11455362
12290879
13175546
14092979
15043178
16042526
52538008
53488354
54405930
55282544
56118195
56904693
57666612
58379377
59067563
59714786
60910921
61992357
62959092
63835704
64638574
65375895
66072243
66735810
282307
945846
1633948
2371188
3157567
4025854
4984239
6049109
7236847
7875768
8547454
9260098
10005507
10800065
11627389
12495671
13404911
14355109
54184683
55102260
55970682
56798142
57584640
58321984
59026558
59690169
60321010
60910888
61984140
62934502
63770163
64507509
65162922
65760979
66301678
66817788
216829
732913
1273559
1863345
2510461
3231293
4058609
4992409
6049078
6630656
7245000
7900301
8596559
9333776
10111950
10931081
11791171
12700411
55790350
56658772
57486232
58272729
59010073
59698263
60353683
60959948
61533443
62065975
63024536
63843822
64556601
65154681
65679020
66129619
66531054
66907899
159484
528113
921304
1363635
1871489
2469444
3157498
3960229
4902213
5426450
5983451
6581410
7228519
7908394
8637418
9407400
10226532
11094814
57330431
58166081
58952578
59689921
60378110
61025337
61623410
62180521
62704861
63180047
64023916
64728510
65310214
65785410
66170483
66490009
66752178
66989759
102080
331445
585374
896634
1265227
1732112
2297290
2977145
3796254
4263148
4771001
5319810
5909578
6548495
7228370
7949203
8727379
9546512
58796734
59591421
60336954
61033334
61680559
62278631
62835741
63343696
63810690
64236721
64974088
65563990
66022810
66375123
66637313
66825764
66965052
67063369
44618
142911
273961
445960
691675
1027492
1477986
2043158
2755776
3165329
3624032
4123693
4664312
5254080
5884807
6572876
7301903
8088272
60819972
61557308
62245491
62884520
63474396
64006925
64498493
64940907
65342359
65694657
66276367
66710613
67013777
85188
175341
183565
142626
60717
67079470
66997541
66940177
66940148
67013836
68763
347232
756764
1313743
1657766
2042746
2468685
2943773
3468012
4041401
4663940
5335629
6064661
62589159
63285527
63924550
64514419
65046943
65530314
65956339
66341402
66677312
66972260
314023
608994
772886
805698
740197
600960
396178
158620
67013533
66767765
66562948
66407275
66325321
66341663
66472685
66742963
60017
338509
657960
1026561
1436120
1903022
2419074
2992469
3615014
4303094
64063345
64726936
65324990
65865699
66357255
66791466
67659
403563
690313
927911
1272029
1452301
1493303
1403226
1214839
936332
608667
240035
66963876
66587037
66242960
65956219
65743200
65636670
65653013
65800422
66119857
66341012
66611318
66922583
182326
600083
1075184
1599435
2181030
2819967
65226163
65848784
66414060
66930184
271906
673340
1017429
1312364
1558147
1754777
2016961
2107109
2057988
1869598
1582899
1206084
771919
296788
66922325
66438992
65996614
65603383
65300259
65087241
65005291
65070792
65300129
65480331
65709685
65979998
66315845
66692652
17937
509430
1066458
1672637
66028477
66634704
66529
558067
984068
1360916
1680419
1950770
2163777
2335822
2532456
2565246
2442386
2196643
1836208
1393850
885953
337093
66888901
66340034
65823932
65365170
64988326
64709782
64562307
64562284
64726100
64881734
65078328
65332265
65627162
65987594
66397177
66864104
279510
869316
66453924
67051948
475571
950713
1368512
1728966
2040269
2294226
2490840
2646493
2810343
2810352
2654712
2367999
1974788
1491464
950795
360972
66871820
66281995
65724937
65233413
64815616
64504313
64324082
64291305
64422367
64553434
64741845
64979407
65266121
65601986
66003388
66453941
66970030
434599
66518910
67108730
532342
1007474
1425262
1785706
2088807
2342756
2539360
2695005
2858840
2850643
2686798
2400075
1998664
1515333
966468
376643
66879299
66281283
65724229
65224519
64798538
64487245
64298834
64266070
64388956
64528223
64708450
64937829
65224553
65568621
65961840
66412404
66928504
393084
66190687
66788688
220481
703794
1129764
1498391
1817866
2079997
2292977
2456806
2645201
2661566
2530477
2268320
1891476
1432716
916614
351363
66886787
66321541
65797258
65322130
64928925
64642218
64478394
64470221
64625889
64765165
64961784
65207557
65502482
65854751
66264365
66723131
138570
720217
65477470
66100036
66665258
56081
506617
899810
1235660
1522359
1759906
1948302
2185834
2259530
2185774
1980950
1669635
1268213
809451
317925
66910693
66410985
65944050
65534464
65198610
64969257
64870980
64911972
65116807
65288858
65510063
65780420
66099930
66476785
66902792
277281
817978
1424212
64420239
65067370
65657159
66189604
66672899
67098851
358596
686246
956553
1185902
1505340
1652751
1669096
1554375
1333164
1021848
661386
259971
66951042
66541448
66172820
65853351
65607617
65476577
65460231
65583154
65869924
66082943
66336923
66640056
67000535
301303
760088
1276218
1849694
2480514
63019012
63707094
64329642
64911230
65427284
65902380
66320133
66688735
67008187
177817
595545
865825
988656
988614
882084
701835
464249
185712
66999663
66721143
66467207
66270623
66155967
66131431
66229783
66467406
66860684
13998
317138
669431
1070878
1529670
2029423
2594714
3209159
3872757
61314766
62043800
62723683
63346224
63919614
64443854
64918944
65344883
65721673
66057504
66606293
67007634
152664
300071
340991
308193
218060
86977
67064768
66933705
66835420
66786296
66810911
66933838
62599
439496
955666
1283386
1643876
2061712
2520510
3028462
3585567
4191826
4855431
5568189
59348474
60134844
60863872
61543750
62174478
62764248
63296675
63788145
64238657
64648211
65336253
65885042
66302768
66614008
66818763
66957992
67048081
67097221
21124
70286
144035
275140
471791
758565
1160037
1684400
2356228
2749489
3183713
3658899
4183239
4756733
5379381
6042991
6763946
7534056
57914791
58733925
59503909
60224744
60904620
61535346
62116922
62657540
63149009
63607712
64410437
65065716
65606317
66032242
66368066
66630173
66843140
67015159
78326
250369
455192
709179
1028713
1438371
1954535
2593591
3371920
3822529
4305908
4838441
5403745
6026394
6690006
7394580
8156499
8967573
56399237
57259328
58070269
58832060
59552893
60232768
60863493
61453260
62002070
62518115
63427331
64205486
64860772
65409573
65876467
66277836
66621874
66941348
135587
446895
782791
1176043
1626652
2167385
2806434
3568373
4453204
4961159
5501884
6075380
6698031
7369836
8074410
8828139
9631022
10483059
54810005
55711053
56562952
57373892
58143874
58864707
59552774
60191691
60797843
61371229
62395129
63296161
64082516
64770579
65368542
65909174
66392475
66851213
192907
651672
1135025
1659351
2249226
2921033
3691157
4575980
5591886
6148996
6747068
7377910
8057907
8770674
9532595
10335479
11179325
12072325
53163480
54105486
55006534
55866624
56685757
57455739
58192956
58889216
59552710
60183439
61330216
62362317
63279742
64098875
64844292
65524187
66163135
66769329
258480
864700
1495510
2167294
2896434
3715700
4616898
5632796
6771585
7386040
8041458
8729646
9458797
10228910
11039985
11892023
12785023
13718985
51484236
52467200
53417399
54318448
55186731
56014057
56808616
57562219
58283056
58962935
60240783
61395762
62452449
63419036
64303717
65139259
65925663
66679312
324111
1077788
1864247
2683487
3568277
4518616
5567271
6714243
7975915
8655907
9368670
10114203
10900699
11719966
12580195
13481386
14423539
15406655
49780464
50804388
51795546
52753938
53671372
54547849
55391560
56202506
56980686
57734293
59135020
60421070
61617020
62722871
63763199
64738004
65680056
66597545
389800
1307317
2241232
3216121
4240176
5346164
6525892
7812129
9204874
9942211
10720511
11523389
12367230
13243841
14153223
15103567
16094873
17118949
48060354
49133430
50173740
51173092
52139678
53073499
53974554
54842843
55678367
56489318
58021116
59446430
60773452
62026759
63214543
64344997
65434504
66507641
463736
1528710
2618273
3748810
4928513
6173765
7500950
8918260
10442078
11244951
12080594
12940817
13842002
14775958
15734492
16742180
17774446
18847675
46348480
47462517
48551979
49600483
50616222
51607387
52557594
53483228
54384289
55252584
56907262
58463649
59938127
61330699
62665939
63952041
65197196
66425982
529533
1758347
3003558
4281551
5616902
7009610
8476059
10024440
11679329
12547738
13440726
14366484
15316821
16299928
17323998
18372646
19454064
20576445
44644839
45808029
46938452
48036109
49109193
50149510
51157063
52140041
53090254
54024086
55801646
57489106
59102849
60642878
62125575
63559133
64959937
66344371
603570
1988032
3388891
4814340
6297146
7837310
9443022
11130666
12908435
13834187
14792710
15775811
16783492
17823942
18897163
19994963
21125532
22297064
42974004
44178155
45357731
46504542
47618587
48708058
49772955
50813279
51820837
52812014
54720648
56539182
58283999
59963292
61593447
63174462
64730915
66262805
677652
2209570
3766077
5347173
6969243
8648669
10393644
12220551
14121197
15112485
16128351
17168795
18233819
19323420
20445792
21592742
22780655
23984953
41335972
42581084
43801622
44997586
46160785
47307601
48421652
49511129
50584225
51632748
53656072
55605680
57481571
59308322
61069550
62798023
64501932
66181279
751775
2439340
4135110
5863662
7633186
9451875
11336113
13285898
15317614
16366244
17431261
18529048
19651414
20798358
21969881
23165981
24394852
25648301
39730739
41025005
42286505
43531623
44743975
45939946
47103150
48249973
49380415
50478091
52624298
54696789
56711946
58661580
60570265
62438003
64281177
66116173
825933
2652762
4495988
6371994
8280781
10238733
12245848
14326703
16481296
17587269
18709628
19864758
21036274
22232369
23453042
24706485
25976314
27278913
38174688
39509916
40820570
42106650
43368156
44613280
45833831
47029807
48209403
49364424
51625323
53820696
55958736
58047636
60087395
62094399
64076838
66042906
900122
2866215
4856897
6863974
8912024
10992853
13139230
15342962
17612241
18775556
19955258
21159538
22388397
23633642
24903465
26197866
27516845
28860402
36651432
38027622
39387430
40714472
42025132
43319410
44589114
45834245
47079378
48291745
50667335
52977400
55238322
57450104
59620938
61759014
63880719
65986052
974340
3079697
5201449
7347790
9518718
11738810
13999872
16318290
18710446
19922911
21151763
22413386
23691395
24985790
26304763
27648315
29008252
30400959
35177356
36602700
37995277
39379665
40731286
42074718
43393576
44696053
45973955
47243668
49725757
52158705
54534318
56868982
59162697
61431848
63684625
65912839
1040391
3276820
5529644
7798863
10100862
12443831
14827772
17269067
19759524
21037524
22323719
23634492
24961651
26313388
27681512
29066022
30475110
31908776
33736076
35202381
36644112
38069461
39478428
40862821
42230833
43582462
44917710
46236577
48833357
51372802
53863106
56320652
58737249
61129281
63504939
65864225
1114658
3482158
5857862
8249960
10674837
13132493
15639312
18187101
20800435
22119394
23462932
24822855
26207357
27600054
29017328
30450989
31909227
33383852
