163
640
400
32
42
32
22
1
1
640
400
1515870810
2176
4294967295
32753
17
49
81
113
145
177
209
241
273
305
337
369
401
433
465
497
529
561
593
625
657
16369
17
49
81
113
145
177
209
241
273
305
337
369
401
433
465
497
529
561
593
625
657
689
721
753
785
817
849
881
913
945
977
32753
17
49
81
113
145
177
209
241
273
305
337
369
401
433
465
497
529
561
593
625
657
689
721
753
785
817
849
881
913
945
977
1009
1041
1073
1105
1137
1169
1201
1233
1265
1297
16369
17
49
81
113
145
177
209
241
273
305
337
369
401
433
465
497
529
561
593
625
657
689
721
753
785
817
849
881
913
945
977
265570581
265570581
265570581
265570581
265570581
265570581
265570581
265570581
265570581
265570581
265570581
265570581
265570581
265570581
265570581
265570581
263964984
263964984
263964984
263964984
263964984
263964984
263964984
263964984
263964984
263964984
263964984
263964984
263964984
263964984
263964984
263964984
265947111
265947111
265947111
265947111
265947111
265947111
265947111
265947111
265947111
265947111
265947111
265947111
265947111
265947111
265947111
265947111
264538120
264538120
264538120
264538120
264538120
264538120
264538120
264538120
264538120
264538120
264538120
264538120
264538120
264538120
264538120
264538120
266323675
266323675
266323675
266323675
266323675
266323675
266323675
266323675
266323675
266323675
266323675
266323675
266323675
266323675
266323675
266323675
265062138
265062138
265062138
265062138
265062138
265062138
265062138
265062138
265062138
265062138
265062138
265062138
265062138
265062138
265062138
265062138
19662948
19662948
16877558
14403473
12207927
10274535
8554146
7030375
5654071
4425232
3294708
2246113
1230295
247255
267683296
266651123
265553423
264357429
263063141
261605023
259966692
258131764
256034703
253675508
251005028
248023261
248023261
248023261
248023261
248023261
248023261
248023261
17860459
17860459
15222531
12912293
10880594
9111049
7538121
6178196
4965736
3884357
2884907
1983770
1099026
247057
267830554
266945835
265995589
264947047
263800211
262505929
261031432
259343953
257427109
255215363
252708716
249874400
249874400
249874400
249874400
249874400
249874400
249874400
18990840
16172686
13698606
11535831
9667979
8045897
6636815
5407967
4326584
3376280
2524289
1737842
984170
263274
267961458
267207809
266372249
265471160
264455392
263308560
261981514
260457868
258688473
256656944
254297745
251610877
248547186
248547186
248547186
248547186
248547186
248547186
17286701
14616012
12289396
10290469
8553696
7079076
5801073
4703302
3752994
2933766
2196466
1508324
885725
263133
268092389
267437043
266732552
265946148
265045064
264029300
262833319
261457124
259835177
257951096
255755729
253232692
250316449
250316449
250316449
250316449
250316449
250316449
15713660
13190435
11011283
9159821
7570511
6210585
5063659
4080581
3244965
2524044
1885050
1311598
787304
279400
268190575
267633531
267027343
266355624
265569224
264668144
263603230
262341717
260850835
259114203
257082667
254690693
251938281
251938281
251938281
251938281
251938281
251938281
14288097
11912337
9880650
8143883
6669268
5440420
4408187
3523417
2786109
2163495
1622807
1131276
688903
262919
268272397
267813657
267305770
266715969
266044254
265225089
264274859
263128028
261768212
260162644
258262173
256017646
253412680
253412680
253412680
253412680
253412680
253412680
13010012
10765333
8848341
7242654
5882733
4752194
3818270
3031808
2376423
1835732
1376966
967356
606904
262841
268354238
267961033
267535064
267043565
266437383
265732902
264864588
263816055
262570921
261080035
259294243
257197164
254723261
254723261
254723261
254723261
254723261
254723261
11879402
9749419
7947123
6439746
5178135
4145905
3293906
2589367
2015905
1540752
1163908
819836
541305
262777
268403326
268092040
267747990
267322024
266797759
266158811
265388797
264438563
263275344
261882755
260211644
258229245
255886406
255886406
255886406
255886406
255886406
255886406
10879881
8864593
7160608
5735157
4571856
3605167
2835091
2196092
1688170
1294939
967248
688713
459335
246343
16972
268206677
267911777
267551346
267092614
266535583
265831100
264962783
263881478
262587187
261014374
259130271
256902111
256902111
256902111
256902111
256902111
256902111
10011445
8078085
6472411
5128886
4031125
3146361
2425441
1851982
1409597
1065521
786984
573986
393760
229921
66085
268304941
268059192
267747911
267354713
266846831
266207881
265405095
264405705
263193329
261702429
259916623
257770375
257770375
257770375
257770375
257770375
257770375
9257711
7406278
5866145
4604546
3572326
2736718
2081338
1557033
1163803
868881
639497
475653
328195
213508
82440
268370447
268173849
267911718
267567670
267125321
266535519
265781881
264848023
263701178
262275808
260571916
258523965
258523965
258523965
258523965
258523965
258523965
8635058
6849168
5374577
4162135
3179072
2392620
1786395
1311245
967170
705017
508403
377328
279022
197104
98803
268419577
268272130
268042765
267747867
267338283
266797631
266093141
265224815
264110732
262767277
261128915
259146492
259146492
259146492
259146492
259146492
259146492
8110718
6373986
4948553
3785268
2851361
2114065
1540611
1098232
786927
557544
393700
295393
229856
180706
115173
33259
268337650
268157436
267878919
267502101
267010598
266355257
265503310
264454759
263144067
261554850
259637957
259637957
259637957
259637957
259637957
259637957
7684689
6013499
4620840
3490327
2589192
1884668
1343985
934377
639458
442845
311770
229848
180696
147929
115164
49633
268386791
268222960
267977209
267633157
267158035
266535458
265732660
264716872
263455327
261898872
260031125
260031125
260031125
260031125
260031125
260031125
7373353
5718553
4375051
3277311
2392564
1704427
1180132
803294
524761
344534
229844
164307
147923
131541
98776
66012
268419553
268272104
268042736
267715065
267272708
266666512
265880094
264897070
263651904
262144596
260309610
260309610
260309610
260309610
260309610
260309610
7160325
5521915
4194802
3113450
2245091
1589726
1065433
704982
442835
262610
164305
115153
98770
98771
82390
66009
268419550
268288483
268075497
267764208
267321848
266732034
265961996
264995352
263782949
262292019
260473411
260473411
260473411
260473411
260473411
260473411
7029219
5423583
4096475
3015127
2163157
1507794
999889
639440
377295
213455
115152
82385
66002
66004
66006
33241
268403164
268272096
268075492
267764201
267338223
266748405
265994748
265028099
263815692
262341141
260538911
260538911
260538911
260538911
260538911
260538911
7012803
5390787
4063684
2998725
2146759
1475016
983497
606666
360908
197070
98767
49617
33235
33237
33239
473
268370395
268239326
268026337
267731427
267289062
266715625
265945580
264978928
263782899
262291959
260489723
260489723
260489723
260489723
260489723
260489723
7078305
5456296
4112814
3031475
2179512
1507773
999873
623045
360904
180684
82382
33233
467
470
268419543
268386777
268321242
268173787
267960796
267649501
267207133
266617309
265847261
264864220
263651803
262160858
260342232
260342232
260342232
260342232
260342232
260342232
59119783
59996381
60823823
61585726
62290281
62945680
63560115
64133585
64666090
65174015
65649166
66116120
66566685
67009053
350743
809484
1276412
1776103
2292173
2849198
3447178
4094305
4782389
5527813
6330577
7190682
8116320
9099300
10147813
11261862
12433253
13653797
59554110
60414323
61208996
61946323
62626301
63248932
63830598
64363108
64862845
65329809
65764000
66189994
66599599
67001007
301737
719518
1153678
1604217
2087519
2611777
3168797
3783158
4438474
5159322
5929318
6773040
7674102
8640699
9681021
10778685
11950077
13170620
59988427
60824063
61594160
62306909
62954119
63552173
64092878
64592619
65051396
65477400
65878822
66263856
66632501
67001140
252719
629540
1022741
1440512
1891047
2374345
2898598
3471999
4102740
4790821
5544434
6355389
7240068
8190281
9214220
10303693
11466893
12687436
60414543
61233793
61979313
62659293
63273734
63839019
64346955
64813927
65239935
65624978
65993632
66337706
66665390
66993070
211881
547742
908175
1284987
1694562
2145093
2636579
3177213
3775187
4438693
5159540
5954111
6814216
7748046
8755602
9836884
10991893
12212438
60832457
61618938
62339880
62995283
63585146
64117661
64601021
65027032
65420271
65772545
66100239
66411544
66706460
66993180
171030
474124
793597
1137642
1506258
1924022
2382741
2898800
3464007
4094747
4791019
5561016
6396546
7313994
8313360
9378260
10525078
11745624
61225785
61995880
62692244
63323069
63888355
64388100
64838691
65240125
65592402
65911908
66206833
66477178
66739326
66985085
138360
400494
679008
990285
1334326
1711131
2145275
2620376
3161009
3767174
4438872
5184295
6003443
6904509
7879300
8936010
10074639
11286994
61610911
62356428
63036406
63634461
64175169
64650337
65068157
65436822
65764523
66051259
66305224
66542800
66772180
66985171
97486
335045
580791
859301
1162383
1514613
1907799
2366517
2874384
3455975
4103099
4823948
5626714
6503206
7469808
8518328
9648767
10852933
61971451
62700582
63355982
63937650
64445588
64896178
65281229
65625317
65920248
66174216
66403603
66608411
66805022
66985245
64793
269584
482563
728306
1006813
1326276
1694887
2120839
2604132
3161149
3783699
4488167
5266360
6134662
7084883
8117022
9239271
10443440
62307407
63020150
63650972
64216254
64699614
65125626
65486099
65805609
66067771
66297161
66493780
66674011
66837854
66993501
40280
212304
400708
613684
859424
1154312
1498350
1891536
2358446
2882698
3488866
4168761
4938764
5782494
6716333
7740283
8854344
10050324
62626969
63323326
63937761
64470272
64937245
65338680
65682767
65969507
66207091
66411904
66583946
66731408
66862483
66993554
15758
155014
318842
507243
728409
998723
1309994
1686798
2129135
2637005
3218600
3882113
4627544
5463085
6380544
7396305
8493985
9689968
62913756
63593725
64191773
64707898
65158484
65535340
65854849
66117011
66338210
66518446
66665911
66788797
66895295
67001790
67100090
114098
245160
408986
605577
851316
1146205
1498435
1916199
2407688
2972902
3611842
4349084
5168244
6077514
7076895
8174579
9354182
63184150
63847733
64429393
64929131
65355139
65715608
66010539
66256315
66452937
66608595
66739675
66837984
66928098
67001825
67083741
73174
187852
327103
507312
728477
998792
1334641
1727830
2202938
2751771
3374331
4095192
4897971
5799054
6790246
7879742
9059349
63413578
64068965
64634238
65117589
65535402
65879485
66158030
66379228
66559464
66698737
66805239
66887164
66952701
67010044
67075576
40434
130537
253405
409039
613822
867755
1187222
1564031
2022757
2555210
3169580
3874061
4668653
5561547
6544551
7617667
8797278
63626616
64265615
64814501
65289657
65691083
66018779
66280937
66493941
66657791
66772487
66862605
66928144
66977297
67018256
67067404
15878
89598
196084
335335
523737
761288
1064373
1424800
1867146
2391410
2989400
3685692
4472096
5348610
6323427
7396547
8567970
63798688
64429492
64970182
65437143
65822182
66133491
66387455
66584073
66731537
66838039
66919964
66969118
67001887
67026462
67059226
67100181
56846
146949
269818
450029
671198
957902
1318332
1744297
2252180
2841982
3530086
4308302
5176628
6143257
7216382
8379618
63946180
64560596
65101282
65551856
65928700
66240006
66477584
66666008
66805278
66895395
66960934
67001896
67026472
67042854
67059235
67091998
32280
114192
228871
392700
605680
884194
1228243
1646019
2145714
2727327
3407244
4177271
5045602
6004044
7068981
8232222
64052709
64667120
65199611
65650181
66018830
66313750
66551325
66731554
66854439
66944554
67001900
67026477
67042861
67051051
67067432
67083812
15903
89624
196112
351752
556542
826867
1162727
1580506
2072012
2645437
3317166
4079005
4947340
5905787
6962537
8125783
64134658
64749066
65273361
65715736
66076189
66371106
66600487
66772522
66903597
66985518
67034671
67059247
67067438
67067437
67075626
67083814
15906
81437
179735
327184
531977
794112
1129975
1539566
2022883
2596312
3268045
4029889
4881845
5840296
6897051
8052109
64175646
64790050
65314341
65756712
66117163
66412077
66633263
66805296
66928176
67010097
67051056
67075631
67083822
67083820
67083818
67100199
24100
81440
187932
327191
531986
794124
1121798
1523200
2014713
2588146
3251690
4005347
4865499
5815763
6872523
8027587
64192058
64806457
65322553
65764920
66133560
66420279
66649654
66821685
66944564
67018290
67067441
67092015
67100205
67100203
67100201
7719
40484
97826
204319
343581
548378
810519
1138196
1539601
2031118
2604555
3268103
4021764
4881921
5832190
6888954
8044023
64167509
64781905
65306189
65756745
66117189
66412097
66641470
66821690
66944567
67026484
67075633
67100207
67108397
7722
15913
32295
65062
130596
237092
384547
589346
851490
1179170
1588770
2080291
2653732
3317285
4079142
4939303
5889576
6946346
8109612
64118386
64732778
65265250
65715802
66084435
66387533
66616903
66797121
66928188
67018295
67075636
67108400
15917
24107
40490
56873
106024
171560
286249
441898
646700
917039
1252914
1662517
2154041
2735678
3407427
4169288
5029454
5987924
7052891
8207970
64028305
64650884
65191545
65650286
66027108
66330202
66575954
66764362
66903619
67001917
67067448
67108404
24113
48686
65069
97837
146989
228911
351793
507444
728633
1007166
1351236
1769035
2268754
2850395
3530340
4300397
5160568
6127235
7192206
8347290
63913651
64544418
65093267
65552005
65945208
66264684
66518625
66715223
66862670
66977350
67051072
67108411
32311
65077
97844
138804
204342
302648
425532
605762
826952
1113680
1474137
1900131
2408046
2997882
3686023
4456085
5332644
6299315
7364292
8535764
63766232
64405189
64962226
65437344
65838736
66166401
66436724
66649704
66813533
66936404
67026509
67100231
40515
89664
138815
196160
269891
376391
523852
712276
949852
1252967
1621619
2055808
2580110
3178142
3874479
4660929
5537492
6512360
7585533
8757010
63586051
64233196
64806614
65289921
65707694
66051740
66338444
66567806
66748018
66887271
67001951
67083864
48724
106065
171600
253522
351829
474714
630370
835179
1097334
1408643
1793681
2244258
2776755
3391175
4095708
4890354
5775113
6766369
7839546
9019220
63373108
64036633
64618239
65126119
65560273
65920701
66223787
66469531
66674317
66829953
66961016
67067504
48747
130664
220776
319082
433774
573045
753278
982665
1253014
1588901
1990326
2457290
3006175
3636981
4349710
5152552
6053699
7044960
8134525
9322396
63135595
63815500
64413488
64937749
65388284
65773285
66092753
66363071
66584239
66764450
66920088
67042960
48778
155271
269959
384650
523919
687766
892577
1138349
1433277
1785550
2203362
2694904
3260177
3899179
4636487
5455716
6365060
7364516
8462278
9650152
62865321
63561607
64184167
64724810
65191726
65601301
65945343
66240235
66485978
66690763
66862784
67018423
48817
179886
319150
466609
630455
818880
1040076
1310426
1629932
2006784
2440982
2948911
3538762
4202343
4947847
5783464
6701003
7716847
8814613
10010683
62570479
63291338
63930279
64487303
64986985
65412942
65781558
66101024
66371341
66600702
66805489
66985704
48865
204511
368351
540386
737001
950003
1203968
1498896
1842979
2244409
2703186
3235694
3841932
4521900
5283791
6135795
7061530
8093762
9207915
10412181
62242877
62980118
63651824
64233421
64757677
65208208
65601398
65945438
66248522
66510649
66748204
66952994
40731
237336
425753
630557
851748
1097519
1376062
1703759
2072420
2498428
2981783
3538869
4161494
4866041
5644319
6512711
7463024
8503452
9625800
10846454
61907093
62660715
63348803
63954973
64503803
64987100
65413056
65789863
66117521
66412416
66674545
66920295
40800
261981
483166
720738
974698
1253238
1564550
1916825
2318255
2768841
3284967
3850247
4505642
5226576
6029432
6914211
7880912
8937726
10076462
11297119
61546742
62324937
63029407
63668343
64233555
64749618
65200148
65609722
65978339
66306000
66600897
66879414
32687
286636
548781
819122
1105851
1417160
1761240
2146285
2564101
3047457
3588160
4194402
4866184
5619888
6439131
7348488
8331576
9396585
10551708
11780560
61161825
61964594
62701829
63357148
63963318
64495763
64987252
65421400
65814592
66175021
66510877
66822161
16394
311303
606216
909325
1228823
1581092
1957942
2375756
2834533
3350659
3915940
4554952
5251311
6021402
6873415
7799159
8798633
9880029
11043346
12280393
60768726
61596068
62349686
63037771
63668515
64241919
64757982
65233090
65659049
66060436
66429060
66781304
8305
335981
671855
1015924
1376382
1753229
2171039
2621622
3113169
3662064
4260114
4923704
5652834
6447502
7315902
8266224
9282084
10379866
11559569
12804810
60351061
61202978
61989362
62710213
63365532
63971702
64520533
65028407
65495325
65929480
66339063
66732267
67100899
368864
737505
1122535
1515762
1941761
2392341
2875692
3408200
3989864
4620684
5308852
6070751
6889997
7782974
8749682
9781928
10896096
12083993
13345620
59925214
60801706
61612665
62366283
63054368
63693305
64283095
64823736
65323422
65798536
66249079
66675050
67092834
393567
811360
1229159
1663346
2130305
2613654
3137966
3703243
4317676
4989458
5710394
6496871
7340694
8258249
9241342
10298166
11428719
12624810
13894630
59491186
60392252
61235978
62014171
62735023
63406728
64029284
64610885
65151530
65667604
66150914
66626037
67076589
426474
877036
1343986
1819134
2318862
2851363
3408444
4014682
4661884
5358242
6111948
6931193
7799594
8741726
9749396
10822605
11969543
13173827
14451840
59048975
59974617
60842918
61653878
62407498
63111970
63775485
64389854
64971458
65528491
66052762
66568844
67068548
451201
950915
1458826
1974933
2515622
3080891
3687125
4326132
5006102
5743421
6529896
7373718
8274888
9233405
10265652
11355245
12510376
13731045
15009058
58598583
59556992
60449868
61285404
62079983
62817223
63513506
64168834
64791398
65389391
65954621
66511664
67052327
484132
1024806
1573677
2130745
2712394
3326816
3965818
4645785
5358524
6128612
6947855
7816254
8750192
9733285
10781916
11887894
13059410
14288270
15574476
58148199
59131185
60048637
60925132
61744287
62514294
63251538
63947825
64611349
65242110
65856492
66454495
67036118
508883
1098709
1688540
2294760
2917369
3564559
4244522
4957257
5719149
6513812
7365824
8266991
9225505
10233174
11298190
12428744
13608451
14845503
16131708
57697825
58705386
59655607
60556678
61408601
62219569
62989580
63718635
64423119
65103032
65758374
66397337
67028112
541837
1172623
1803414
2450595
3114164
3810506
4523236
5276932
6071591
6907215
7783802
8717737
9692636
10733072
11814472
12953217
14149307
15394551
16688947
