163
1920
1080
34
44
34
24
1
1
1920
1080
1515870810
2448
4294967295
32641
1
129
257
321
385
449
513
577
641
769
897
1025
1153
1281
1345
1409
1473
1537
1601
1665
1793
1921
2049
16377
57
121
185
249
313
377
441
505
569
633
697
761
825
889
953
1017
1145
1209
1273
1337
1401
1465
1529
1593
1657
1721
1785
1849
1913
1977
2041
2105
2169
32705
1
65
129
193
257
321
449
577
705
833
961
1025
1089
1217
1345
1473
1537
1601
1729
1793
1857
1985
2049
2113
2241
2305
2369
2497
2625
2753
2817
2881
3009
3137
3265
3393
3521
3585
3649
3713
3777
3841
3905
16377
57
121
185
249
313
377
441
505
569
633
697
761
825
889
953
1017
1145
1209
1273
1337
1401
1465
1529
1593
1657
1721
1785
1849
1913
1977
2041
2105
2169
1949781
1048539
327530
268205826
267812514
267566666
267451899
267468212
267566453
267779390
268057871
268418281
392394
834738
1309859
1817755
2325660
3292339
3751114
4144362
4504849
4783424
4980087
5094838
5094909
4980301
4734629
4325125
3768174
3031008
2097242
966877
268075369
266502653
266436237
265797150
265338294
265059671
264944896
264961200
265108584
265370664
265731055
266189757
266730387
267320176
267975508
228159
965425
1702698
2439978
3898176
4602709
5241713
5847956
6372287
6831089
7191594
7453802
7601331
7617795
7486810
7191994
6733346
6094481
5242634
4194186
2883603
262815018
262438085
262241384
262208530
262339523
262601595
262978362
263486208
264075981
264764065
265517690
266336859
267221570
268122671
637474
1587740
2554396
4454959
5356098
6240860
7060091
7813794
8501966
9091842
9583420
9960317
10222533
10337300
10304618
10108104
9714989
9141658
8338959
7323276
259554339
259423176
259455860
259652391
259996385
260471456
261077606
261782066
262584837
263485917
264436155
265468319
266533256
267647351
342380
1489255
2652519
4946296
6044040
7125407
8141243
9107934
9992710
10795572
11500136
12090018
12565218
12909353
13106038
13138890
12991525
12647559
12106992
11337057
258063295
258030441
258177818
258472657
258931342
259504722
260209179
261011946
261913023
262896025
263944569
265058654
266221897
267417913
211247
1456425
2701609
5159225
6371657
7518559
8632698
9697690
10664383
11565547
12368412
13072979
13646480
14088915
14383900
14531435
14498753
14269470
13843585
13188332
256637806
256719645
256965331
257358478
257915471
258587158
259373538
260274612
261273995
262338920
263485769
264681776
265926940
267204877
80131
1407231
2734335
5372174
6666525
7911729
9107786
10254696
11319692
12302773
13203939
13990423
14662224
15202959
15612628
15842079
15924080
15793096
15481894
14941322
255310640
255474404
255818397
256309853
256948769
257718763
258603451
259586447
260667753
261814600
263043371
264321299
265648385
267008243
268400873
1374437
2783461
5585139
6945025
8272148
9550124
10778952
11925866
12990864
13973948
14858732
15628834
16251486
16759455
17087205
17251122
17251204
17021917
16596028
254049027
254311099
254737017
255326780
256047620
256899538
257866148
258931067
260094295
261323064
262617373
263977223
265386229
266828008
268286175
1341658
2816218
5765352
7207157
8599815
9959709
11270456
12499287
13646204
14711205
15677906
16529925
17250877
17824378
18266813
18529029
18611026
18496421
18168831
252852966
253213346
253737572
254409259
255212023
256145863
257178012
258324854
259553620
260864310
262240541
263665928
265140472
266647787
268187875
1308895
2848991
5945580
7452920
8927497
10352926
11729207
13039956
14268790
15399325
16447944
17365495
18168364
18840165
19364516
19708647
19888944
19856254
19626962
251755224
252181144
252787294
253540904
254409207
255424971
256539043
257751423
259045727
260421955
261863724
263371032
264911113
266483965
268089589
1276145
2881777
6109437
7682313
9222424
10713388
12155204
13531487
14842239
16054691
17168843
18168312
19053097
19790431
20396697
20822745
21084957
21150567
21003189
249740004
250329772
251067002
251951691
252983840
254114297
255375830
256719287
258144667
259651971
261208430
262830429
264501584
266189125
267909439
1210683
2947387
6404422
8108368
9763165
11385198
12941699
14449051
15874487
17218006
18463226
19610145
20625995
21510778
22264493
22837989
23264032
23477088
23509925
247986976
248707824
249576132
250591899
251738742
253000277
254360119
255818267
257358340
258963951
260635101
262355406
264124866
265927098
267762100
1161649
2996657
6666682
8468931
10238414
11958749
13629935
15235588
16775708
18233911
19593813
20855415
22002332
23001796
23886577
24591136
25148244
25508747
25689031
246479748
247315291
248298294
249412372
250657524
252017367
253491902
255031974
256670354
258374272
260143729
261962341
263813723
265714259
267631182
1112652
3045964
6879827
8780379
10631781
12450417
14219905
15923858
17562279
19102398
20576984
21920500
23165716
24296246
25279324
26098565
26770353
27261920
27556882
245218315
246135785
247217098
248429485
249756562
251198330
252754789
254393170
256097089
257882930
259734309
261618459
263551762
265517836
267516680
1080070
3078918
7076620
9042706
10976027
12876581
14711602
16497473
18217810
19839845
21396347
22838163
24165293
25377738
26442729
27376651
28130352
28720215
29129858
244169902
245169298
246316153
247610465
249019468
250526776
252148775
253852695
255622153
257473533
259390451
261340139
263338980
265370591
267418587
1047514
3111898
7224287
9255908
11254763
13204467
15121405
16972810
18742295
20446247
22068281
23575628
24984674
26262649
27409554
28425390
29261004
29949164
30424334
243727624
244759792
245939417
247266500
248691889
250248352
251886736
253623426
255425654
257309803
259243106
261225563
263257173
265305168
267385933
1031244
3128396
7289936
9354325
11369563
13352034
15285355
17169526
18971779
20708496
22346912
23903409
25328836
26639577
27835632
28867848
29752611
30457151
30981470
243334503
244399442
245611838
246955308
248413467
249986316
251657470
253410546
255245543
257146078
259112150
261127375
263175370
265239750
267353284
1031362
3144898
7355590
9436362
11484367
13483222
15449310
17349864
19184882
20937983
22609164
24182043
25640236
26983742
28196178
29261160
30162303
30915992
31473075
242990539
244088249
245317031
246693272
248184201
249773436
251460977
253246822
255098205
257015125
258997582
261029192
263093572
265190720
267320638
1015101
3145021
7404864
9502020
11566408
13598030
15580501
17497437
19348838
21134705
22822269
24411530
25902488
27278760
28507577
29605323
30539231
31309301
31882764
242695730
243809827
245071381
246464007
247971323
249593328
251297254
253099486
254967254
256900559
258899401
260947396
263044545
265158078
267287996
998843
3161531
7454142
9567681
11648452
13696457
15695311
17628630
19512798
21298663
23018992
24624635
26131976
27524629
28769827
29883955
30850627
31637078
32243305
242466461
243596944
244874885
246283898
247807600
249429607
251149919
252968536
254852690
256818764
258833991
260881988
262995520
265125438
267271741
998972
3161660
7487038
9616960
11714116
13778503
15777356
17743442
19627608
21446239
23166567
24788592
26312314
27721349
28999313
30129821
31112875
31915706
32554697
242269962
243416832
244711159
246120175
247660264
249315041
251051738
252870357
254770896
256736972
258768584
260832965
262946499
265092801
267255488
999103
3178175
7503553
9649859
11763397
13827784
15859404
17825488
19726037
21544666
23297761
24936168
26476271
27885304
29179649
30326538
31309589
32145184
32784173
242040810
243204070
244514786
245940191
247496667
249151448
250904534
252755924
254672849
256655312
258686926
260767693
262897612
265060299
267239371
982986
3178442
7552971
9699276
11829197
13909966
15957968
17940433
19857364
21692374
23445464
25100251
26656735
28082146
29392870
30556138
31571950
32407539
33079288
241975501
243138766
244449488
245891281
247447762
249118931
250872020
252707029
254623958
256622807
258654423
260751576
262881496
265027800
267206873
966873
3162329
7536856
9699544
11829464
13910231
15958231
17940694
19857621
21692628
23462099
25116882
26673361
28115152
29425870
30589133
31604939
32440521
33112263
242123183
243286454
244580796
246006211
247562696
249201101
250954194
252789206
254706137
256672221
258703839
260784610
262898147
265060837
267223526
967142
3162598
7520741
9667043
11780578
13861343
15892957
17875417
19775958
21610962
23364045
25018824
26558915
27984316
29278646
30441903
31441319
32276894
32932245
67027072
221405
450868
614790
713171
762394
746074
696981
590537
451319
279326
74559
66954073
66708333
66454393
66184063
65913726
65397608
65151827
64930615
64733972
64570091
64438971
64348805
64307785
64315910
64373182
64495984
64676124
64921795
65241189
65634306
66109338
66649902
696621
950664
1139167
1262128
1311356
1311426
1254146
1147708
992112
803741
574404
312293
33790
66839570
66528286
66208804
65881123
65250317
64955384
64676828
64431034
64209809
64029538
63890221
63791857
63750831
63758952
63832602
63971783
64176495
64454930
64807088
65232969
65757149
1466827
1679910
1827451
1901260
1909526
1860443
1754011
1590228
1385479
1147956
861274
550010
214164
66970791
66602163
66225337
65848504
65103010
64758926
64423026
64119888
63849512
63620090
63423429
63284106
63185737
63152898
63185590
63275620
63439373
63676849
63988047
64381162
64856191
2228827
2400948
2499337
2532184
2491297
2393061
2237476
2032732
1778830
1483963
1148129
787712
394521
67101996
66676024
66241854
65815869
64963880
64562451
64177400
63825111
63497391
63210625
62973005
62776339
62637011
62555022
62538563
62587634
62702236
62898753
63177185
63529341
63971604
2974428
3105588
3163015
3154901
3073053
2925664
2720925
2467029
2163974
1819954
1434967
1017206
574863
116129
66749869
66266546
65775026
64824733
64365961
63931758
63522125
63153447
62817530
62522566
62284941
62096463
61965322
61899712
61907825
61989660
62145219
62374501
62693890
63103387
3711823
3802021
3818487
3761219
3638410
3450060
3196168
2893118
2540910
2147737
1713597
1246684
755188
239110
66823698
66283031
65742358
64685570
64177646
63694292
63235508
62809486
62424418
62088496
61793528
61564090
61391991
61277231
61244385
61277070
61391670
61596378
61874809
62243347
4432819
4482055
4457559
4359330
4187367
3958055
3663202
3310999
2909638
2467312
1984020
1467953
919113
362075
66889318
66299499
65709675
64554583
63997507
63456810
62948875
62473702
62039482
61654410
61318483
61039895
60818645
60671118
60589122
60589041
60662683
60826433
61072098
61407871
5817424
5801120
5694700
5514547
5260661
4941233
4556265
4113947
3622472
3081840
2500241
1894061
1255108
591573
67020511
66340580
65652452
64292561
63637183
63006375
62400137
61834854
61310525
60827150
60401115
60032418
59729252
59499808
59335896
59253899
59253818
59343844
59515785
59786027
7128244
7038207
6858054
6595977
6268359
5858816
5391924
4867683
4286093
3663538
2991825
2295532
1566465
812816
42778
66373407
65595166
64055053
63301372
62580453
61884106
61228713
60614274
60048983
59541030
59090417
58705335
58385784
58148148
57992428
57918623
57934927
58049530
58262434
8357090
8193319
7939433
7611814
7202272
6727188
6178372
5572208
4908695
4204217
3450582
2664175
1853186
1017616
157466
66406174
65537822
63825677
62998269
62187241
61408975
60671665
59967117
59328101
58730040
58205703
57746897
57353623
57042264
56821013
56681679
56632452
56681526
56828900
9479387
9250075
8938839
8537487
8062403
7513587
6899231
6219334
5482090
4703881
3876515
3008186
2115275
1197784
263905
66430693
65488612
63620821
62711495
61818548
60966557
60147329
59377249
58656317
57992724
57394663
56862134
56403329
56034632
55739659
55534794
55428230
55419967
55518196
10495141
10208478
9839892
9381190
8840564
8226207
7546310
6800874
5998090
5146149
4253245
3319377
2352737
1369708
362100
66463352
65447543
63432298
62449245
61498956
60573239
59688479
58844674
58058209
57329085
56665492
56067433
55551289
55117062
54764752
54510742
54346841
54289433
54330326
10962041
10650799
10249441
9766160
9200956
8553828
7841161
7071146
6235592
5350882
4425208
3458571
2467353
1443364
411180
66471471
65422895
63350306
62334486
61343238
60392947
59475419
58598848
57779618
57025920
56329562
55706929
55158020
54699220
54322337
54035563
53847090
53765110
53789623
11396163
11060341
10634404
10126544
9528568
8865054
8119616
7316831
6456699
5547411
4588968
3589561
2565575
1517009
452056
66487771
65406427
63268303
62219716
61203893
60220835
59270541
58369396
57525592
56739128
56018197
55362798
54789317
54305944
53904488
53593142
53380096
53273544
53273486
12174266
11797477
11322381
10765362
10126420
9405556
8619153
7767212
6849731
5883096
4875498
3826936
2753796
1647885
525586
66503957
65373461
63128843
62031105
60957941
59917541
58918099
57967806
57066661
56231050
55460972
54756428
54141992
53601283
53158874
52806575
52552578
52405074
52364064
12821265
12403507
11895635
11297650
10617742
9864104
9028544
8135637
7177192
6169593
5121032
4023316
2901021
1754148
590889
66520107
65340459
63005731
61867035
60744721
59663364
58622965
57623524
56681424
55804858
54993826
54256519
53592938
53019467
52536106
52151047
51864290
51675835
51610259
13328971
12886630
12354175
11723414
11010731
10224319
9355986
8430306
7439089
6398718
5309193
4178706
3023641
1835807
639778
66536228
65315619
62915357
61735703
60580624
59466502
58385146
57352941
56378078
55468749
54624954
53854886
53158544
52552312
52044383
51626564
51315240
51102218
51003883
13533664
13083127
12534284
11895327
11166258
10363458
9486930
8544864
7545452
6488695
5382784
4244104
3072654
1868435
656022
66536087
65307287
62874258
61678221
60514950
59384446
58294900
57246313
56263260
55337550
54477374
53690925
52986394
52371974
51847665
51413466
51093954
50872745
50766223
13705585
13246851
12681620
12034468
11297203
10486209
9601485
8643033
7627235
6562284
5448179
4293113
3113470
1901058
672261
66544134
65298950
62841345
61637117
60457464
59318769
58212841
57156064
56156630
55222730
54354365
53559727
52847008
52216208
51683711
51241324
50905433
50684228
50561327
13942920
13467794
12894363
12230820
11477164
10649779
9748666
8782016
7749829
6668490
5537998
4366546
3162324
1941718
696536
66552024
65290456
62800086
61579476
60383441
59228365
58106057
57032900
56017086
55066808
54182065
53371050
52641953
52002969
51454095
51003525
50659451
50413680
50290788
14008336
13525014
12951579
12279840
11526180
10698793
9789484
8814640
7782451
6692918
5562424
4382778
3178556
1949757
704573
66551870
65290302
62783548
61562939
60366906
59195448
58073141
56999986
55984175
55025708
54132776
53321763
52592671
51945498
51388436
50937871
50585609
50339843
50216956
14049175
13565849
12984218
12312475
11558812
10723229
9813918
8839071
7806880
6717344
5578657
4407201
3194786
1965986
712610
66559906
65298338
62791586
61562786
60358561
59195297
58072992
56991647
55975839
55017374
54124445
53305244
52576155
51928986
51371928
50913175
50560918
50315156
50184082
13999781
13516446
12943000
12271249
11525772
10690182
9780865
8814205
7782009
6692469
5561970
4390512
3186286
1957484
704107
66559595
65298027
62799469
61570670
60374640
59211379
58089078
57015930
56000126
55041666
54156935
53345933
52616851
51969689
51420832
50970279
50618031
50372279
50241216
13917742
13442595
12869144
12213774
11460101
10632700
9731573
8764910
7740903
6659554
5529053
4365785
3161558
1940948
695762
66559441
65297873
62815700
61595095
60399066
59243998
58129891
57056745
56049135
55098871
54214143
53403143
52682257
52043291
51494438
51043889
50699837
50462282
50331224
13802937
13335978
12770715
12115342
11378049
10558837
9665898
8699233
7683416
6610256
5487946
4332869
3136832
1924413
687419
66551098
65305914
62831934
61619521
60439878
59284812
58178898
57122138
56114531
55172461
54295928
53493124
52772241
52141471
51600814
51158462
50822606
50585056
50470386
13475034
13024450
12475563
11844758
11123843
10321009
9452641
8510546
7511108
6462521
5364783
4226087
3062816
1866779
654360
66542614
65322007
62897180
61709346
60546089
59415601
58334268
57293896
56310869
55385189
54533237
53755016
53058716
52444337
51920072
51494112
51174650
50961685
50855217
13253745
12819541
12287034
11664418
10951691
10165238
9313251
8387537
7404482
6364084
5282729
4160415
3005335
1833873
637838
66534284
65330060
62929811
61758361
60611489
59505579
58432439
57408454
56441814
55532519
54688763
53926929
53238824
52640833
52132956
51723384
51412118
51207350
51117271
12999693
12573677
12057551
11451315
10763161
9993089
9149291
8239959
7273285
6257461
5192488
4086557
2947860
1784590
613129
66534151
65338119
62978831
61823766
60693280
59603755
58547001
57539401
56589148
55696240
54868871
54123423
53451706
52870103
52370421
51977238
51682360
51493980
51412098
12393306
12008242
11524877
10951402
10296009
9566891
8764047
7895671
6969952
5986893
4962876
3897902
2808355
1686043
555542
66517523
65370644
63093277
61979174
60889650
59832896
58825298
57858662
56941181
56089238
55311026
54598353
53959410
53410582
52951868
52591461
52329360
52173757
52124652
11655878
11311767
10869354
10345024
9730586
9050614
8288725
7469495
6592925
5667206
4692338
3676514
2636116
1562955
481604
66492737
65395010
63224141
62167383
61127013
60127607
59160972
58243491
57383359
56572381
55835135
55171619
54581835
54073974
53664419
53336787
53115654
52992828
52984692
10795608
10492449
10107374
9632189
9075089
8444263
7739714
6977823
6158593
5282022
4364495
3414204
2431149
1423522
399514
66476183
65435800
63379620
62380209
61405377
60463317
59554029
58693896
57891112
57137483
56457586
55843228
55310794
54852091
54491695
54213223
54041249
53959391
53992223
10320432
10041846
9681343
9238924
8706396
8108336
7436552
6699236
5912771
5077159
4192399
3266682
2316394
1341534
350294
66459731
65460307
63469665
62503022
61560959
60643477
59775150
58947787
58169581
57448722
56801595
56220008
55712153
55286221
54942213
54696512
54549118
54500032
54549252
9812499
9566678
9238940
8821094
8321331
7747845
7117018
6412468
5658770
4847732
4003930
3119172
2201651
1259559
301086
66443290
65476635
63559721
62625847
61716554
60840032
60004475
59209882
58464446
57784549
57162001
56613184
56138100
55736747
55433702
55212580
55089766
55065259
55139060
8722942
8534458
8264058
7911742
7485703
6985939
6412452
5781626
5101652
4372531
3594263
2783231
1939436
1079262
202709
66418641
65525713
63764449
62904304
62068741
61274142
60504123
59783262
59111557
58497200
57948384
57465109
57055566
56727947
56474060
56318480
56253017
56285862
56417013
7526939
7412178
7207308
6928715
6568207
6142167
5650596
5101686
4495437
3840041
3143690
2414576
1660892
882636
79810
66385854
65583038
63985616
63207392
62461942
61741073
61052978
60414039
59824258
59283633
58808549
58399006
58063196
57801118
57620965
57530927
57531006
57621201
57809704
6240878
6191647
6068693
5863824
5585231
5232915
4823261
4356267
3840127
3274840
2668599
2021404
1357830
661493
67065835
66353126
65640422
64223225
63535115
62871586
62240831
61651042
61094026
60586168
60135659
59742499
59406688
59152802
58964457
58858036
58833540
58907353
59063089
59317134
4872954
4905639
4856408
4725262
4528586
4266379
3946833
3569949
3135726
2660549
2152610
1603717
1030253
440412
66934865
66320459
65697868
64477280
63887475
63322252
62781610
62281935
61815034
61397290
61036896
60725659
60479964
60308002
60201581
60177085
60226321
60365675
60586952
60906538
3431359
3545960
3578646
3537609
3422849
3250751
3021315
2734540
2406811
2021744
1612107
1161516
686356
194818
66795766
66279665
65763569
64747782
64256282
63789364
63347028
62945659
62577063
62257626
61987346
61766224
61610644
61520605
61504300
61553535
61684696
61897781
62200983
62586109
2694200
2841567
2915211
2923325
2857716
2726576
2546291
2308667
2021897
1694173
1333688
932249
514432
72045
66722145
66263387
65796444
64878961
64444806
64027040
63642049
63289833
62970390
62700105
62478979
62307010
62200583
62151506
62176162
62266359
62438481
62692528
63028500
63446396
1940671
2128997
2243600
2292672
2276214
2194225
2054899
1874618
1636999
1358427
1047092
702997
334331
67058152
66656732
66238934
65829335
65026541
64641538
64281117
63945278
63642214
63371924
63150793
62978819
62856003
62790538
62790613
62856231
62995581
63208665
63495481
63864223
64323080
1178965
1408249
1563811
1653842
1686535
1653698
1563522
1424200
1243925
1014504
760513
465569
154247
66927220
66574952
66222690
65862243
65165944
64838285
64527017
64248523
63994611
63781666
63609688
63486867
63413204
63396891
63437928
63552699
63733010
63987055
64314833
64716343
65207970
400889
671132
875845
1015028
1088679
1104993
1063969
973798
842674
670597
465758
228157
67074851
66796303
66501379
66206461
65903358
65313556
65035049
64781125
64551784
64355217
64191424
64068598
63994930
63970420
64003260
64093450
64249181
64478646
64765460
65134198
65584862
66109258
66731691
67042894
179702
368035
482647
548112
556239
523412
441439
318513
171018
67091433
66886606
66665403
66427822
66182056
65936297
65461184
65240021
65043441
64863252
64724029
64609389
64543908
64519392
64544035
64626028
64757178
64962062
65224295
65560262
65969962
66453394
67010558
65945450
66297613
66592437
66821730
66985492
67100109
48524
64848
32027
67075309
66976965
66854052
66698377
66534518
66354281
66165859
65969252
65608826
65445008
65297580
65182928
65084665
65035562
65011040
65043869
65117664
65248810
65429113
65674957
65986343
66363270
66805738
213075
803008
