163
1280
720
36
46
36
24
1
1
1280
720
1515870810
2662
4294967295
32737
33
97
161
193
225
289
353
417
481
545
609
673
737
801
865
929
993
1057
1089
1121
1185
1249
1313
16369
17
49
81
113
145
177
241
305
337
369
401
433
465
497
561
625
689
753
817
881
945
977
1009
1041
1073
1105
1137
1201
1265
1297
1329
1361
1393
1425
1457
32737
33
97
161
225
289
353
417
481
545
609
673
737
769
801
865
929
993
1025
1057
1121
1185
1249
1313
1377
1441
1505
1537
1569
1633
1697
1761
1793
1825
1889
1953
2017
2081
2145
2209
2273
2337
2401
2465
2529
2593
16369
49
81
113
177
209
241
273
305
337
369
401
433
497
561
625
657
689
753
785
817
881
945
1009
1041
1073
1105
1137
1169
1201
1233
1265
1329
1361
1393
1457
6299616
6299616
6299616
6299616
6299616
6299616
6299616
6299616
6299616
6299616
6299616
6299616
6299616
6299616
6299616
6299616
6299616
6299616
4273414112
4273414112
4273414112
4273414112
4273414112
4273414112
4273414112
4273414112
4273414112
4273414112
4273414112
4273414112
4273414112
4273414112
4273414112
4273414112
4273414112
4273414112
6234080
6234080
6234080
6234080
6234080
6234080
6234080
6234080
6234080
6234080
6234080
6234080
6234080
6234080
6234080
6234080
6234080
6234080
4273217504
4273217504
4273217504
4273217504
4273217504
4273217504
4273217504
4273217504
4273217504
4273217504
4273217504
4273217504
4273217504
4273217504
4273217504
4273217504
4273217504
4273217504
5578539
5578539
5578539
5578539
5578539
5578539
5578539
5578539
5578539
5578539
5578539
5578539
5578539
5578539
5578539
5578539
5578539
5578539
4273807148
4273807148
4273807148
4273807148
4273807148
4273807148
4273807148
4273807148
4273807148
4273807148
4273807148
4273807148
4273807148
4273807148
4273807148
4273807148
4273807148
4273807148
4201038
4201038
4201038
4201038
4201038
4201038
4201038
4201038
4201038
4201038
4201038
4201038
4201038
4201038
4201038
4201038
4201038
4201038
4275575378
4275575378
4275575378
4275575378
4275575378
4275575378
4275575378
4275575378
4275575378
4275575378
4275575378
4275575378
4275575378
4275575378
4275575378
4275575378
4275575378
4275575378
3217221
3217221
3217221
3217221
3217221
3217221
3217221
3217221
3217221
3217221
3217221
3217221
3217221
3217221
3217221
3217221
3217221
3217221
4276885322
4276885322
4276885322
4276885322
4276885322
4276885322
4276885322
4276885322
4276885322
4276885322
4276885322
4276885322
4276885322
4276885322
4276885322
4276885322
4276885322
4276885322
134617350
134617350
134617350
134617350
134617350
134617350
134617350
134617350
134617350
134617350
118888532
104011686
89921281
76682856
64296413
41620730
21238882
2102297
4278391839
4259124341
4238415129
4215346694
4202698388
4189263664
4174976983
4159838340
4143978804
4143978804
4143978804
4143978804
4143978804
4143978804
4143978804
4143978804
4143978804
4143978804
238754218
238754218
238754218
238754218
238754218
218241254
197793803
158537260
123147334
107418464
92934793
79761861
67768595
56823925
46862316
29298452
14028425
3655
4281339470
4267183772
4251520819
4233498648
4223209640
4211937611
4199617027
4186051277
4171174823
4155053198
4119205490
4079818819
4059502868
4039317964
4039317964
4039317964
4039317964
4039317964
231282269
231282269
231282269
231282269
207557962
184554536
162730755
123867345
92212965
78908943
67112272
56626341
47320080
39062413
31591197
18811503
7997953
4293200333
4283828690
4273932816
4262791817
4249553730
4241886137
4233235522
4223536350
4212657551
4200336982
4186509106
4153807144
4114092893
4092007550
4068873624
4068873624
4068873624
4068873624
4068873624
191697341
191697341
191697341
191697341
167121021
144707401
124587561
91032624
65342102
54921705
45812048
37882057
30935123
24905709
19531669
10618638
3278519
4291888783
4285728403
4279240388
4271703843
4262397876
4256761873
4250404988
4243130616
4234807685
4225305124
4214360792
4187425920
4152495751
4131721132
4108652770
4083683872
4083683872
4083683872
4083683872
174657182
174657182
174657182
149687650
127601726
108202805
91294277
64096429
43911017
35915489
29034089
23135743
18089378
13763922
10093836
4129954
4294575197
4290839613
4287300673
4283434087
4278650034
4272424229
4268492142
4263904707
4258596388
4252370579
4245096209
4236642206
4215343344
4186770070
4169075598
4148825247
4125822409
4100132617
4100132617
4100132617
159386642
159386642
134613742
112986596
94374134
78317600
64554849
42796575
27002142
20907187
15795283
11469823
7930805
4981621
2556734
4293985000
4291625649
4289987223
4288545434
4286775993
4284220150
4280419153
4277797772
4274652112
4270785565
4266198134
4260758745
4254205257
4237493844
4214425508
4199942250
4183034183
4163504702
4140895055
4140895055
4140895055
122620171
122620171
101451804
83298120
67831434
54592992
43386185
25887816
13566843
8913701
5178072
2097812
4294705752
4292870692
4291428855
4289855921
4289266053
4289331568
4289528178
4289462667
4288741821
4286841351
4285268535
4283236974
4280615597
4277338868
4273210180
4268229534
4255057012
4236445055
4224583196
4210624204
4194240401
4175104110
4152822117
4152822117
92866247
92866247
74909193
59639136
46728392
35718209
26543048
12321529
2687571
4294246925
4291559887
4289528215
4288020839
4287037756
4286513431
4286447838
4287299769
4288741544
4290314410
4291690687
4292411623
4292084004
4291428683
4290249080
4288545196
4286317030
4283302439
4279566960
4269212445
4254008307
4244178033
4232578302
4218815899
4202628684
4183623441
4183623441
87360969
69207327
53806215
40764415
29819782
20579097
12911287
1376784
4288872841
4286316880
4284481820
4283302127
4282581191
4282319012
4282450053
4283629654
4285726776
4288282666
4291035179
4293525564
524382
1441936
1441969
1048790
131328
4293656879
4291559781
4288741792
4280615469
4268163803
4259971905
4250141618
4238410800
4224582845
4208264539
4208264539
66061427
50267115
36897650
25625349
16188068
8389196
1901052
4287365492
4281598214
4279894231
4278714541
4278190216
4278059111
4278386762
4279107633
4281335818
4284415985
4287954917
4291624934
131060
3014672
5046330
5570644
5767283
5505173
4718781
3342568
1311001
4289921420
4279632409
4272620140
4264231623
4254204717
4242211742
4227990556
4211213481
49152893
35128080
23331503
13435480
5243401
4293460419
4287955330
4280090900
4275699898
4274585748
4273995890
4273995859
4274389048
4275175456
4276289548
4279500780
4283367383
4287627214
4292083663
1376218
5111793
7995411
8978473
9633858
9896031
9633918
8847522
7471306
2490664
4288872858
4282909149
4275634726
4266852984
4256301778
4243718967
4228842408
35652302
23069304
12517931
3670501
4291428775
4285464942
4280746299
4274192610
4270915738
4270260347
4270194783
4270587975
4271374385
4272554013
4274061325
4277927923
4282449890
4287430618
4292476891
2424805
6815735
10354707
11730981
12779577
13434960
13631594
13369479
12452007
8585458
1376590
4291166595
4284744126
4276945407
4267508295
4256236183
4242801392
25100885
13566482
3932630
4290970016
4284416367
4279173442
4274979098
4269539540
4267114651
4266852483
4267114605
4267835481
4268949576
4270456889
4272226347
4276617239
4281663498
4287102979
4292739076
3145740
8126490
12255280
13959230
15335502
16318560
16842869
16908428
16449701
13500640
7340329
2752851
4292018561
4284940724
4276421100
4266066474
4253745775
17039876
6291922
4292346276
4285006204
4279042390
4274258229
4270588182
4265869537
4264100022
4264165539
4264689811
4265672836
4267049078
4268818539
4270850145
4275634257
4281073735
4286971970
4292935747
3801160
9175124
13762660
15728751
17301627
18546825
19398809
19726506
19529918
17236203
11927842
7799105
2621796
4291101067
4283171253
4273668580
4262199832
13828583
3408316
4289724822
4282646899
4276879700
4272357687
4268818717
4264427760
4262920395
4263051451
4263706797
4264820896
4266328213
4268163211
4270260354
4275241077
4280877164
4286906472
4293066856
4063341
9568375
14418053
16384142
18088089
19464357
20381874
20840641
20775121
18809080
13762855
9830722
4850015
4293591424
4285923748
4276617676
4265476600
11141584
983469
4287562125
4280680816
4275110230
4270719294
4267311400
4263182595
4261937380
4262199511
4262920395
4264100032
4265672887
4267573422
4269801639
4274913436
4280680597
4286840977
4293132434
4259990
9961630
14876842
16974001
18743482
20185284
21233871
21758172
21823721
20054282
15270193
11534663
6685024
655739
4288217497
4279173562
4268294623
7209393
4292411804
4284350856
4277731702
4272423270
4268294487
4265083210
4261347635
4260430111
4260823319
4261740816
4263051529
4264755459
4266787070
4269080826
4274389235
4280418542
4286775532
4293263596
4587759
10486004
15663355
17891584
19792133
21299468
22479123
23200026
23396643
21954871
17563983
14025053
9437548
3670397
4291559823
4282843555
4272423354
5112222
4290511254
4282581390
4276158854
4270981504
4266983802
4263903604
4260364651
4259643747
4260102496
4261085533
4262461786
4264231256
4266328405
4268687700
4274127185
4280222031
4286710094
4293329230
4784463
10813777
16056660
18350422
20316504
21954907
23134558
23920993
24183140
22937965
18809206
15401340
10944898
5308809
4293329296
4284809625
4274586018
4784528
4290183572
4282319256
4275896731
4270784926
4266787232
4263707043
4260233639
4259512746
4259971500
4260954541
4262330798
4264165807
4266262960
4268622256
4274061746
4280222130
4286710195
4293329331
4784562
10813873
16122288
18416047
20382126
22020525
23265708
24052139
24314281
23134630
19005858
15597983
11207069
5570970
4293591446
4285137299
4274913678
979202080
990343200
995717152
1000927264
1010921504
1015672864
1020293152
1024782368
1029140512
1033334816
1037430816
1041395744
1045262368
1052667936
1059745824
1066594336
1069936672
1073279008
6189088
9531424
12873760
19722272
26800160
34205728
38072352
42037280
46100512
50327584
54652960
59142176
63762464
68513824
78475296
83685408
89026592
100167712
984576032
995651616
1000927264
1006039072
1015738400
1020325920
1024749600
1029009440
1033138208
1037103136
1040936992
1044607008
1048178720
1054994496
1061417086
1067610280
1070624949
1073639613
5861565
8843445
11858088
18051198
24473664
31289376
34861088
38563872
42364960
46329888
50425888
54718496
59142176
63729696
73396256
78508064
83783712
94793760
990408736
1001320480
1006465056
1011445792
1020817446
1025208435
1029435581
1033466116
1037332807
1041035653
1044574656
1047982582
1051226663
1057387132
1063187132
1068659431
1071346421
226045
5501693
8123124
10810087
16282299
22082171
28242471
31519221
34894271
38465925
42168646
46002436
50032829
54259828
58650662
68022304
72970272
78114848
89026592
996536349
1007251672
1012265267
1017082251
1026093619
1030255235
1034253007
1038054167
1041625947
1045066652
1048310743
1051423758
1054372929
1059878039
1064957144
1069741316
1072067858
587034
5141786
7402770
9729284
14513367
19592342
25130048
28079118
31159254
34435995
37843803
41448214
45216462
49214082
53408307
62386571
67203379
72216793
82898975
1002861057
1013347009
1018229533
1022882679
1031468066
1035433075
1039168704
1042707721
1046017358
1049163150
1052112331
1054897666
1057519157
1062368907
1066759885
1070823161
1072789255
947983
4749071
6682375
8615673
12678860
17102474
21952052
24573441
27358665
30307725
33453388
36795655
40334526
44070001
48034849
56619894
61272860
66122432
76608002
1009316809
1019540618
1024259303
1028715841
1036908013
1040610877
1044117130
1047394003
1050441496
1053259609
1055913877
1058404300
1060698111
1064892501
1068595350
1071937730
1073510607
1308888
4389080
5929167
7534785
10877077
14579795
18774013
21067723
23558035
26212183
29062934
32110290
35387017
38860348
42595819
50787648
55244006
59962505
70185928
1015805295
1025734192
1030289036
1034548966
1042315151
1045788639
1049032747
1052014707
1054800055
1057356023
1059715378
1061878121
1063844251
1067350511
1070365231
1072986714
490088
1669744
4029040
5208680
6421082
9075246
12089838
15595929
17594727
19757360
22116597
24672437
27457649
30472233
33716189
37189517
44955364
49247882
53769774
63731054
1022228210
1031862191
1036220425
1040316513
1047623944
1050868054
1053850016
1056602598
1059093033
1061354087
1063385761
1065253590
1066924806
1069775705
1072102295
326593
1178574
2030550
3668950
4488142
5372864
7306134
9665367
12516100
14187220
16054943
18119269
20412967
22903268
25622942
28637523
31881477
39221343
43284487
47675308
57308912
1028487246
1037826309
1042020701
1045920178
1052801619
1055816351
1058536167
1061026603
1063254891
1065221031
1066990558
1068530706
1069907008
1072135312
64716
1342708
1867009
2358536
3308808
3800320
4324596
5602507
7306382
9534526
10910736
12483548
14252964
16218984
18447144
20937444
23689884
26704465
33618352
37517659
41711875
51050572
1034549634
1043593778
1047591559
1051294424
1057782642
1060567994
1063058431
1065286720
1067220093
1068956854
1070431467
1071709468
1072758089
621972
1670606
2293236
2522624
2686471
2981383
3145215
3341811
3997132
5045651
6651207
7732506
9010409
10517684
12221562
14187581
16448508
18938808
21724015
28211925
31914628
35945008
44988800
1040349839
1049066294
1052932998
1056439251
1062501476
1065057448
1067318505
1069317414
1071021408
1072463254
1073675720
949750
1736224
2752103
3210909
3210945
3112652
2981587
2653907
2522828
2424512
2457244
2883173
3931678
4750836
5733829
6978963
8453469
10157348
12156134
14417061
17005665
23100368
26606467
30473011
39221901
1045789557
1054211089
1057913947
1061256355
1066925354
1069284714
1071349158
1073085919
818709
2031175
3014261
3735200
4259527
4751113
4652859
4095837
3702631
3276654
2359149
1933159
1539932
982842
884488
1408709
1932958
2686579
3669572
4881938
6389213
8125859
10190183
12582184
18283680
21625944
25328654
33782642
1050836022
1058995397
1062534409
1065712971
1071021511
1073184257
1310264
2850413
4095646
5078732
5832438
6323997
6586177
6586237
5963691
4882378
4227028
3538905
2097113
1376211
720841
1073414058
1072791420
1072791359
1073086235
1073610484
589513
1605275
2883178
4423222
6290942
8453572
13827400
17005830
20544706
28736563
1053162632
1061223696
1064697169
1067777424
1072954886
1277502
3014258
4456100
5635795
6520574
7143207
7503692
7700334
7438247
6586323
5242864
4456441
3637247
1966078
1146873
360431
1072791506
1071939494
1071710060
1071873866
1072299813
1072922364
65232
1244834
2719344
4455995
6553092
11730317
14843215
18316558
26410118
1055423699
1063353684
1066728849
1069776332
1015356
2981489
4652706
5996241
7077630
7864103
8388429
8650608
8716176
8257479
7143408
5570572
4653076
3735577
1802265
851988
1073709067
1072201711
1071120326
1070661519
1070727023
1071021899
1071578917
1072365307
1073446607
1048224
2752110
4750906
9764298
12811662
16219473
24149200
1059519823
1067220417
1070497271
1073380907
4325006
6160060
7667432
8847121
9731896
10321756
10649470
10747805
10616761
9732073
8192013
6193189
5079085
3932210
1572913
426029
1073053733
1071087628
1069613032
1068761016
1068662683
1068760956
1069088602
1069711158
1070595855
1071808230
1073315514
1408652
6127145
9043445
12320190
20053325
1063091630
1070595600
1073741374
2784875
7208639
8912615
10256140
11271984
12025681
12451696
12615565
12550055
12255167
11010024
9109511
6750236
5472290
4128806
1376294
32802
1072496667
1070137350
1068335079
1067122622
1066827686
1066762123
1066958702
1067417423
1068138286
1069186826
1070563045
1072266941
3014249
5799484
8977934
16481708
1066073588
1073413700
2752107
5406352
9633493
11206389
12451604
13336369
13958989
14253926
14286718
14057364
13631399
12091337
9928675
7274484
5799929
4292604
1245180
1073512441
1072037875
1069416418
1067253704
1065746342
1065320339
1065090941
1065156453
1065484107
1066073904
1066991379
1068269300
1069842131
360078
3047017
6127171
13499891
1067351567
884310
3899000
6553241
10682071
12189428
13369103
14221097
14778177
15007576
15007597
14712704
14188434
12550064
10256326
7471062
5930970
4358109
1179613
1073381338
1071841237
1069055942
1066762159
1065156497
1064664959
1064402796
1064370007
1064632128
1065189160
1066073870
1067286258
1068793557
1072987799
1867383
4914773
12221966
1068498469
1932899
4947585
7536286
11566803
13074157
14188293
15007515
15499056
15695684
15630167
15269735
14712695
12976017
10551205
7634866
6062006
4423609
1114040
1073250230
1071677362
1068760996
1066368912
1064632182
1064075111
1063780182
1063714627
1063911215
1064435482
1065254659
1066401515
1067908818
1071971996
851584
3866210
11075108
1070267973
3636849
6585990
9109146
13041344
14450386
15498978
16219890
16645889
16776975
16613148
16187176
15531827
13598533
11009875
7896924
6225759
4521825
1015649
1073053535
1071382364
1068302163
1065713477
1063812914
1063157543
1062764315
1062633230
1062764288
1063190257
1063943906
1065025233
1066434239
1070399129
1072955013
2162288
9305668
1071447642
4718195
7634559
10124938
13958816
15335082
16350899
17039036
17399493
17465037
17235668
16776923
16056033
14024427
11304691
8093433
6356730
4587259
982779
1072922362
1071218425
1068007155
1065287403
1063288545
1062567642
1062141652
1061945036
1062010564
1062403772
1063091891
1064140457
1065516703
1069383305
1071906430
1080946
8126042
1071939176
5209710
8093296
10583667
14384760
15728250
16711292
17366655
17727105
17759874
17530500
17038982
16318087
14220938
11435660
8158861
6422157
4619918
949902
1072889485
1071120013
1067875980
1065090698
1063026311
1062305414
1061846660
1061617282
1061682817
1062043263
1062731388
1063714426
1065090680
1068924531
1071414896
589422
7634536
1071808116
5078631
7994976
10452570
14286415
15629897
16645700
17301055
17661499
17694263
17464883
16973359
16252460
14188070
11402786
8158751
6389279
4587038
949790
1072889375
1071152672
1067908642
1065156135
1063091756
1062370863
1061912115
1061682743
1061748283
1062141504
1062796868
1063812682
1065188943
1069055579
1071545953
720487
7765621
1071021701
4357732
7274068
9797189
13663785
15040028
16055824
16776708
17137145
17235439
17038821
16580060
15891924
13893063
11206077
8027574
6323636
4554163
982451
1072954804
1071250870
1068105149
1065418183
1063452117
1062763997
1062338022
1062141423
1062239738
1062665733
1063386640
1064435229
1065811498
1069743686
1072266837
1441381
8552069
1069612702
3014250
5963345
8519226
12516877
13958648
15039973
15793618
16252353
16383409
16285090
15891860
15269255
13401458
10845538
7830871
6192468
4488530
1047890
1073118548
1071480151
1068465506
1065942386
1064074632
1063484821
1063124386
1062993330
1063157186
1063615955
1064402406
1065516538
1066958350
1070988859
1073577555
2784875
9993887
1067548356
1080958
4095581
6716989
10845696
12385764
13565385
14417328
14941592
15170946
15138158
14843227
14318922
12680493
10321175
7503112
5963012
4390145
1178881
1073347844
1071807752
1068989719
1066663214
1065024843
1064500572
1064238447
1064205700
1064467866
1065024946
1065876939
1067089382
1068629506
1072791102
1703519
4750976
12058310
1066270430
1073610383
2948714
5635653
9862657
11402721
12647875
13532583
14122380
14417267
14450012
14220614
13761843
12221714
9993465
7306473
5831907
4324576
1244385
1073478884
1072004329
1069317370
1067121939
1065614644
1065155912
1064926557
1064959348
1065287053
1065876904
1066794437
1068039651
1069645315
163399
2850412
5930641
13303521
1064861438
1072299686
1670780
4390484
8715784
10354148
11632067
12582307
13237637
13598057
13696335
13532472
13106466
11730174
9632994
7109839
5700810
4259014
1309894
1073609930
1072233680
1069677795
1067613438
1066237219
1065844025
1065712977
1065811307
1066171783
1066859941
1067843012
1069120998
1070759434
1375830
4128382
7274152
14745344
1061584719
1069219558
1072430771
1506947
6094376
7831038
9272790
10354096
11140492
11664747
11894092
11894063
11631893
10550506
8813768
6585522
5373099
4095143
1473703
228524
1072725171
1070529737
1068793067
1067744535
1067515185
1067515213
1067744620
1068268942
1069088178
1070202328
1071644160
1073413675
4259462
7110326
10354408
17989457
1057750971
1065582402
1068924680
1071906512
3014247
4914742
6487559
7732699
8682930
9371019
9796968
9960775
9895209
9174262
7830736
5995702
4979886
3898537
1703081
621742
1073347767
1071512785
1070169335
1069481259
1069448521
1069612394
1070038413
1070726580
1071709662
1072987658
818744
2752105
7634643
10616586
13958980
21856190
1053327430
1061453758
1064959869
1068072766
1073217224
1572496
3309148
4750890
5897724
6782416
7372200
7765379
7896417
7634216
6716668
5340383
4521174
3669201
1932497
1080535
294112
1072659709
1071742249
1071480163
1071644037
1072037290
1072659923
1073544702
982573
2424415
4193939
6258378
11468609
14581632
18087873
26181706
1050968217
1059192841
1062797253
1065975683
1071316742
1073479372
1572501
3112544
4357679
5340673
6061527
6553008
6815116
6782288
6094114
4947204
4291834
3538164
2063605
1342715
654596
1073282339
1072627025
1072594318
1072856498
1073348057
359940
1343026
2588259
4161175
5996239
8191753
13565830
16744392
20283405
28541084
1048477941
1056866398
1060470806
1063780305
1069317966
1071578897
1073512151
1408673
2784877
3866173
4685329
5307879
5668290
5864835
5438803
4586803
4029737
3439907
2194723
1604905
1047859
195924
1073511812
1073741252
392682
982547
1834560
2948720
4325027
5963482
7929620
10190673
15728596
19005466
22642785
31031544
1043169736
1051853093
1055621335
1059094668
1065025534
1067483068
1069645693
1071513410
1073086218
687829
1736357
2588280
3243600
3964427
4062679
3734964
3472809
3145122
2489763
2162089
1899956
1572312
1703436
2424402
3079803
3931815
5045976
6356748
7962437
9863040
12025791
14450690
20381839
23855323
27656489
36340172
1037468355
1046446613
1050411458
1054048626
1060372698
1063026835
1065418832
1067515920
1069383636
1070989212
1072299880
1073446712
589581
1900227
2588299
2850405
2883162
2850387
2784851
2784858
2817638
3079820
3800772
5078799
5996347
7143275
8486815
10092503
11894803
13992019
16416918
19103965
25428341
29065670
33030681
42042055
1031439335
1040745264
1044873944
1048707716
1055424996
1058341273
1060995409
1063354638
1065418959
1067286675
1068892252
1070301226
1071546364
1073414061
982898
1900362
2228030
2555702
3112759
3440446
3768139
4685683
5996463
7897086
9076780
10485855
12124310
13992145
16089361
18448724
21103004
24019431
30769799
34603740
38765363
48071658
1025148213
1034749046
1039074331
1043104707
1050280732
1053426381
1056309891
1058931261
1061290490
1063420348
1065320835
1067024718
1068531997
1071055051
1073021069
852068
1540182
2195535
3440719
4063319
4751460
6324366
8323277
10846495
12353872
14090629
15991231
18121213
20513343
23134854
26018512
29197087
36373446
40403998
44762233
54363448
1018627756
1028556264
1033078154
1037305135
1044907139
1048314930
1051460581
1054344092
1056998232
1059423000
1061618396
1063649957
1065484915
1068630558
1071284702
1073545650
852389
1835421
3801501
4784549
5833139
8094175
10748448
13927029
15762087
17793758
20022042
22446938
25101215
27984872
31130677
34538629
42173746
46400909
50922987
60884654
1011976267
1022199684
1026918180
1031341767
1039435288
1043072453
1046480247
1049625900
1052574950
1055294629
1057817704
1060144175
1062306812
1066140581
1069482851
1072464694
131880
1475360
4162336
5538601
6914871
9896804
13271974
17138686
19268657
21628010
24151207
26871017
29820207
32966009
36373960
40044058
48105162
52561702
57280390
67504205
1005259280
1015810376
1020692712
1025312906
1033832409
1037731718
1041401655
1044842219
1048086180
1051100770
1053918756
1056572907
1059063223
1063585119
1067648283
1071351022
1073120480
1115352
4555992
6292705
8062191
11765020
15828320
20383161
22873581
25527846
28345956
31393446
34604781
38045497
41715592
45615067
54134924
58788073
63670601
74222097
998575095
1009388337
1014467282
1019284085
1028229572
1032391025
1036323106
1040025815
1043531920
1046874189
1049987087
1052968918
1055786914
1061029705
1065780997
1070237400
1072400074
755393
4916929
7046858
9176792
13633286
18417482
23627683
26478551
29427728
32573519
35915921
39422168
43157795
47057267
51218886
60164726
64981715
70060850
80874487
992022013
1003097403
1008307422
1013320835
1022692309
1027083139
1031244597
1035242218
1039010468
1042647650
1046088229
1049397740
1052543416
1058441568
1063946525
1069123823
1071646945
362713
5310681
7801058
10324208
15501597
21006689
26905017
30050797
33360422
36801123
40438437
44239595
48204598
52398980
56757206
66129027
71142622
76352827
87395836
985665504
996970337
1002311431
1007488686
1017253382
1021840822
1026264426
1030524193
1034587357
1038486684
1042222176
1045859368
1049332726
1055919007
1062112093
1068010289
1070893859
2842
5704474
8555299
11438897
17337181
23530399
30116854
33590313
37194848
40963229
44862685
48925986
53185898
57576886
62197254
71929518
77106950
82448224
93720544
979636192
991104992
996577248
1001885664
1012010976
1016827872
1021448123
1025937269
1030262579
1034456821
1038487227
1042386565
1046187604
1053429248
1060310464
1066929557
1070173575
1073384831
6065535
9276807
12520853
19140032
26021376
33263188
37064325
40963771
44994293
49155891
53481333
57970618
62623712
67407840
77500384
82808800
88281056
99717088
974032864
985599968
991170528
996610016
1007030240
1012043744
1016893408
1021579232
1026166752
1030590432
1034883040
1039077344
1043173344
1051037664
1058574304
1065881568
1069486048
1073024992
6393824
9965536
13570016
20877280
28413920
36278240
40341472
44535776
48861152
53284832
57839584
62525408
67375072
72355808
82776032
88182752
93753312
105287648
